4.774e+02 1.595e+02 5.468e+02 1.308e+03 3.466e-02 0.000e+00 1.197e-03 0.000e+00 9.002e-02 0.000e+00 2.000e+01 0.000e+00
3.539e+02 8.900e+01 4.807e+02 1.308e+03 3.489e-02 0.000e+00 1.067e-03 0.000e+00 9.002e-02 0.000e+00 2.000e+01 0.000e+00
4.228e+02 1.595e+02 5.147e+02 1.308e+03 3.550e-02 0.000e+00 1.664e-03 0.000e+00 9.123e-02 0.000e+00 2.000e+01 0.000e+00
3.538e+02 8.900e+01 4.808e+02 1.308e+03 3.538e-02 0.000e+00 1.193e-03 0.000e+00 9.128e-02 0.000e+00 2.000e+01 0.000e+00
3.694e+02 1.595e+02 4.739e+02 1.308e+03 3.639e-02 0.000e+00 1.818e-03 0.000e+00 8.850e-02 0.000e+00 2.000e+01 0.000e+00
3.538e+02 8.900e+01 4.808e+02 1.308e+03 3.441e-02 0.000e+00 1.208e-03 0.000e+00 8.889e-02 0.000e+00 2.000e+01 0.000e+00
3.638e+02 1.030e+02 4.763e+02 1.308e+03 3.585e-02 0.000e+00 1.214e-03 0.000e+00 8.621e-02 0.000e+00 2.000e+01 0.000e+00
3.538e+02 8.900e+01 4.808e+02 1.308e+03 3.425e-02 0.000e+00 1.224e-03 0.000e+00 8.654e-02 0.000e+00 2.000e+01 0.000e+00
3.554e+02 1.030e+02 4.799e+02 1.308e+03 3.451e-02 0.000e+00 1.224e-03 0.000e+00 8.764e-02 0.000e+00 2.000e+01 0.000e+00
4.156e+02 1.030e+02 5.185e+02 1.308e+03 4.947e-02 0.000e+00 1.263e-03 0.000e+00 1.044e-01 0.000e+00 2.000e+01 0.000e+00
3.539e+02 8.900e+01 4.807e+02 1.308e+03 3.529e-02 0.000e+00 1.203e-03 0.000e+00 8.801e-02 0.000e+00 2.000e+01 0.000e+00
4.774e+02 1.595e+02 5.468e+02 1.308e+03 4.917e-02 0.000e+00 1.672e-03 0.000e+00 1.021e-01 0.000e+00 2.000e+01 0.000e+00
3.539e+02 8.900e+01 4.807e+02 1.308e+03 3.434e-02 0.000e+00 1.053e-03 0.000e+00 8.586e-02 0.000e+00 2.000e+01 0.000e+00
4.228e+02 1.595e+02 5.147e+02 1.308e+03 3.398e-02 0.000e+00 1.712e-03 0.000e+00 8.420e-02 0.000e+00 2.000e+01 0.000e+00
3.538e+02 8.900e+01 4.808e+02 1.308e+03 3.260e-02 0.000e+00 1.153e-03 0.000e+00 8.410e-02 0.000e+00 2.000e+01 0.000e+00
3.694e+02 1.595e+02 4.739e+02 1.308e+03 3.428e-02 0.000e+00 1.750e-03 0.000e+00 8.363e-02 0.000e+00 2.000e+01 0.000e+00
3.538e+02 8.900e+01 4.808e+02 1.308e+03 3.259e-02 0.000e+00 1.193e-03 0.000e+00 8.398e-02 0.000e+00 2.000e+01 0.000e+00
3.638e+02 1.030e+02 4.763e+02 1.308e+03 3.374e-02 0.000e+00 1.220e-03 0.000e+00 8.233e-02 0.000e+00 2.000e+01 0.000e+00
4.156e+02 1.030e+02 5.186e+02 1.308e+03 4.599e-02 0.000e+00 1.285e-03 0.000e+00 9.822e-02 0.000e+00 2.000e+01 0.000e+00
3.555e+02 1.030e+02 4.798e+02 1.308e+03 3.222e-02 0.000e+00 1.100e-03 0.000e+00 8.308e-02 0.000e+00 2.000e+01 0.000e+00
4.774e+02 1.595e+02 5.468e+02 1.308e+03 4.618e-02 0.000e+00 1.727e-03 0.000e+00 9.829e-02 0.000e+00 2.000e+01 0.000e+00
3.539e+02 8.900e+01 4.807e+02 1.308e+03 3.257e-02 0.000e+00 1.093e-03 0.000e+00 8.272e-02 0.000e+00 2.000e+01 0.000e+00
4.228e+02 1.595e+02 5.147e+02 1.308e+03 3.270e-02 0.000e+00 1.736e-03 0.000e+00 8.257e-02 0.000e+00 2.000e+01 0.000e+00
3.538e+02 8.900e+01 4.808e+02 1.308e+03 3.249e-02 0.000e+00 1.136e-03 0.000e+00 8.263e-02 0.000e+00 2.000e+01 0.000e+00
3.694e+02 1.595e+02 4.739e+02 1.308e+03 3.482e-02 0.000e+00 1.643e-03 0.000e+00 8.433e-02 0.000e+00 2.000e+01 0.000e+00
3.538e+02 8.900e+01 4.808e+02 1.308e+03 3.271e-02 0.000e+00 1.136e-03 0.000e+00 8.465e-02 0.000e+00 2.000e+01 0.000e+00
3.638e+02 1.030e+02 4.763e+02 1.308e+03 3.495e-02 0.000e+00 1.171e-03 0.000e+00 8.611e-02 0.000e+00 2.000e+01 0.000e+00
4.156e+02 1.030e+02 5.186e+02 1.308e+03 4.704e-02 0.000e+00 1.275e-03 0.000e+00 1.007e-01 0.000e+00 2.000e+01 0.000e+00
3.555e+02 1.030e+02 4.798e+02 1.308e+03 3.346e-02 0.000e+00 1.112e-03 0.000e+00 8.405e-02 0.000e+00 2.000e+01 0.000e+00
4.774e+02 1.595e+02 5.468e+02 1.308e+03 4.820e-02 0.000e+00 1.716e-03 0.000e+00 1.009e-01 0.000e+00 2.000e+01 0.000e+00
3.539e+02 8.900e+01 4.807e+02 1.308e+03 3.360e-02 0.000e+00 1.157e-03 0.000e+00 8.451e-02 0.000e+00 2.000e+01 0.000e+00
4.228e+02 1.595e+02 5.147e+02 1.308e+03 3.644e-02 0.000e+00 1.630e-03 0.000e+00 9.220e-02 0.000e+00 2.000e+01 0.000e+00
3.538e+02 8.900e+01 4.808e+02 1.308e+03 3.682e-02 0.000e+00 1.171e-03 0.000e+00 9.243e-02 0.000e+00 2.000e+01 0.000e+00
3.610e+02 1.030e+02 4.776e+02 1.308e+03 3.677e-02 0.000e+00 1.219e-03 0.000e+00 9.207e-02 0.000e+00 2.000e+01 0.000e+00
3.538e+02 8.900e+01 4.808e+02 1.308e+03 3.669e-02 0.000e+00 1.178e-03 0.000e+00 9.210e-02 0.000e+00 2.000e+01 0.000e+00
3.622e+02 1.030e+02 4.772e+02 1.308e+03 3.576e-02 0.000e+00 1.219e-03 0.000e+00 8.447e-02 0.000e+00 2.000e+01 0.000e+00
3.538e+02 8.900e+01 4.808e+02 1.308e+03 3.267e-02 0.000e+00 1.142e-03 0.000e+00 8.458e-02 0.000e+00 2.000e+01 0.000e+00
3.638e+02 1.030e+02 4.763e+02 1.308e+03 3.424e-02 0.000e+00 1.142e-03 0.000e+00 8.290e-02 0.000e+00 2.000e+01 0.000e+00
4.156e+02 1.030e+02 5.186e+02 1.308e+03 4.625e-02 0.000e+00 1.176e-03 0.000e+00 9.792e-02 0.000e+00 2.000e+01 0.000e+00
3.555e+02 1.030e+02 4.798e+02 1.308e+03 3.237e-02 0.000e+00 1.044e-03 0.000e+00 8.256e-02 0.000e+00 2.000e+01 0.000e+00
4.774e+02 1.595e+02 5.468e+02 1.308e+03 4.672e-02 0.000e+00 1.695e-03 0.000e+00 9.884e-02 0.000e+00 2.000e+01 0.000e+00
3.539e+02 8.900e+01 4.807e+02 1.308e+03 3.212e-02 0.000e+00 1.048e-03 0.000e+00 8.308e-02 0.000e+00 2.000e+01 0.000e+00
4.228e+02 1.595e+02 5.147e+02 1.308e+03 3.244e-02 0.000e+00 1.657e-03 0.000e+00 8.345e-02 0.000e+00 2.000e+01 0.000e+00
3.538e+02 8.900e+01 4.808e+02 1.308e+03 3.233e-02 0.000e+00 1.135e-03 0.000e+00 8.350e-02 0.000e+00 2.000e+01 0.000e+00
3.694e+02 1.595e+02 4.739e+02 1.308e+03 3.490e-02 0.000e+00 1.735e-03 0.000e+00 8.198e-02 0.000e+00 2.000e+01 0.000e+00
3.538e+02 8.900e+01 4.808e+02 1.308e+03 3.325e-02 0.000e+00 1.154e-03 0.000e+00 8.233e-02 0.000e+00 2.000e+01 0.000e+00
3.638e+02 1.030e+02 4.763e+02 1.308e+03 3.579e-02 0.000e+00 1.202e-03 0.000e+00 8.469e-02 0.000e+00 2.000e+01 0.000e+00
4.156e+02 1.030e+02 5.186e+02 1.308e+03 4.808e-02 0.000e+00 1.235e-03 0.000e+00 9.981e-02 0.000e+00 2.000e+01 0.000e+00
3.555e+02 1.030e+02 4.798e+02 1.308e+03 3.296e-02 0.000e+00 1.193e-03 0.000e+00 8.506e-02 0.000e+00 2.000e+01 0.000e+00
4.774e+02 1.595e+02 5.468e+02 1.308e+03 4.684e-02 0.000e+00 1.682e-03 0.000e+00 9.989e-02 0.000e+00 2.000e+01 0.000e+00
3.539e+02 8.900e+01 4.807e+02 1.308e+03 3.204e-02 0.000e+00 1.071e-03 0.000e+00 8.252e-02 0.000e+00 2.000e+01 0.000e+00
4.228e+02 1.595e+02 5.147e+02 1.308e+03 3.249e-02 0.000e+00 1.638e-03 0.000e+00 8.346e-02 0.000e+00 2.000e+01 0.000e+00
3.538e+02 8.900e+01 4.808e+02 1.308e+03 3.254e-02 0.000e+00 1.135e-03 0.000e+00 8.352e-02 0.000e+00 2.000e+01 0.000e+00
3.694e+02 1.595e+02 4.739e+02 1.308e+03 3.450e-02 0.000e+00 1.688e-03 0.000e+00 8.396e-02 0.000e+00 2.000e+01 0.000e+00
3.538e+02 8.900e+01 4.808e+02 1.308e+03 3.279e-02 0.000e+00 1.155e-03 0.000e+00 8.432e-02 0.000e+00 2.000e+01 0.000e+00
3.638e+02 1.030e+02 4.763e+02 1.308e+03 3.447e-02 0.000e+00 1.206e-03 0.000e+00 8.419e-02 0.000e+00 2.000e+01 0.000e+00
4.156e+02 1.030e+02 5.186e+02 1.308e+03 4.650e-02 0.000e+00 1.209e-03 0.000e+00 9.954e-02 0.000e+00 2.000e+01 0.000e+00
3.555e+02 1.030e+02 4.798e+02 1.308e+03 3.246e-02 0.000e+00 1.170e-03 0.000e+00 8.378e-02 0.000e+00 2.000e+01 0.000e+00
4.156e+02 1.030e+02 5.185e+02 1.308e+03 4.659e-02 0.000e+00 1.189e-03 0.000e+00 9.950e-02 0.000e+00 2.000e+01 0.000e+00
3.539e+02 8.900e+01 4.807e+02 1.308e+03 3.237e-02 0.000e+00 1.178e-03 0.000e+00 8.324e-02 0.000e+00 2.000e+01 0.000e+00
4.156e+02 1.030e+02 5.185e+02 1.308e+03 3.377e-02 0.000e+00 1.191e-03 0.000e+00 8.705e-02 0.000e+00 2.000e+01 0.000e+00
3.538e+02 8.900e+01 4.808e+02 1.308e+03 3.520e-02 0.000e+00 1.179e-03 0.000e+00 8.733e-02 0.000e+00 2.000e+01 0.000e+00
4.228e+02 1.595e+02 5.147e+02 1.308e+03 3.564e-02 0.000e+00 1.675e-03 0.000e+00 8.800e-02 0.000e+00 2.000e+01 0.000e+00
3.538e+02 8.900e+01 4.808e+02 1.308e+03 3.547e-02 0.000e+00 1.169e-03 0.000e+00 8.806e-02 0.000e+00 2.000e+01 0.000e+00
3.694e+02 1.595e+02 4.739e+02 1.308e+03 3.573e-02 0.000e+00 1.715e-03 0.000e+00 8.364e-02 0.000e+00 2.000e+01 0.000e+00
3.538e+02 8.900e+01 4.808e+02 1.308e+03 3.246e-02 0.000e+00 1.201e-03 0.000e+00 8.375e-02 0.000e+00 2.000e+01 0.000e+00
3.638e+02 1.030e+02 4.763e+02 1.308e+03 3.350e-02 0.000e+00 1.253e-03 0.000e+00 8.191e-02 0.000e+00 2.000e+01 0.000e+00
4.156e+02 1.030e+02 5.186e+02 1.308e+03 4.613e-02 0.000e+00 1.242e-03 0.000e+00 9.866e-02 0.000e+00 2.000e+01 0.000e+00
3.555e+02 1.030e+02 4.798e+02 1.308e+03 3.236e-02 0.000e+00 1.123e-03 0.000e+00 8.370e-02 0.000e+00 2.000e+01 0.000e+00
4.774e+02 1.595e+02 5.468e+02 1.308e+03 4.618e-02 0.000e+00 1.661e-03 0.000e+00 9.855e-02 0.000e+00 2.000e+01 0.000e+00
3.539e+02 8.900e+01 4.807e+02 1.308e+03 3.233e-02 0.000e+00 1.073e-03 0.000e+00 8.336e-02 0.000e+00 2.000e+01 0.000e+00
4.228e+02 1.595e+02 5.147e+02 1.308e+03 3.207e-02 0.000e+00 1.615e-03 0.000e+00 8.217e-02 0.000e+00 2.000e+01 0.000e+00
3.538e+02 8.900e+01 4.808e+02 1.308e+03 3.195e-02 0.000e+00 1.143e-03 0.000e+00 8.222e-02 0.000e+00 2.000e+01 0.000e+00
3.694e+02 1.595e+02 4.739e+02 1.308e+03 3.424e-02 0.000e+00 1.663e-03 0.000e+00 8.377e-02 0.000e+00 2.000e+01 0.000e+00
3.538e+02 8.900e+01 4.808e+02 1.308e+03 3.248e-02 0.000e+00 1.154e-03 0.000e+00 8.412e-02 0.000e+00 2.000e+01 0.000e+00
3.638e+02 1.030e+02 4.763e+02 1.308e+03 3.410e-02 0.000e+00 1.187e-03 0.000e+00 8.394e-02 0.000e+00 2.000e+01 0.000e+00
4.156e+02 1.030e+02 5.186e+02 1.308e+03 4.643e-02 0.000e+00 1.188e-03 0.000e+00 9.961e-02 0.000e+00 2.000e+01 0.000e+00
3.555e+02 1.030e+02 4.798e+02 1.308e+03 3.210e-02 0.000e+00 1.030e-03 0.000e+00 8.308e-02 0.000e+00 2.000e+01 0.000e+00
4.774e+02 1.595e+02 5.468e+02 1.308e+03 4.620e-02 0.000e+00 1.736e-03 0.000e+00 9.866e-02 0.000e+00 2.000e+01 0.000e+00
3.539e+02 8.900e+01 4.807e+02 1.308e+03 3.247e-02 0.000e+00 1.024e-03 0.000e+00 8.326e-02 0.000e+00 2.000e+01 0.000e+00
4.228e+02 1.595e+02 5.147e+02 1.308e+03 3.323e-02 0.000e+00 1.736e-03 0.000e+00 8.484e-02 0.000e+00 2.000e+01 0.000e+00
3.538e+02 8.900e+01 4.808e+02 1.308e+03 3.402e-02 0.000e+00 1.163e-03 0.000e+00 8.498e-02 0.000e+00 2.000e+01 0.000e+00
3.694e+02 1.595e+02 4.739e+02 1.308e+03 3.579e-02 0.000e+00 1.634e-03 0.000e+00 8.475e-02 0.000e+00 2.000e+01 0.000e+00
3.538e+02 8.900e+01 4.808e+02 1.308e+03 3.384e-02 0.000e+00 1.163e-03 0.000e+00 8.512e-02 0.000e+00 2.000e+01 0.000e+00
3.638e+02 1.030e+02 4.763e+02 1.308e+03 3.596e-02 0.000e+00 1.193e-03 0.000e+00 8.596e-02 0.000e+00 2.000e+01 0.000e+00
4.156e+02 1.030e+02 5.186e+02 1.308e+03 5.003e-02 0.000e+00 1.212e-03 0.000e+00 1.077e-01 0.000e+00 2.000e+01 0.000e+00
3.555e+02 1.030e+02 4.798e+02 1.308e+03 3.736e-02 0.000e+00 1.041e-03 0.000e+00 9.412e-02 0.000e+00 2.000e+01 0.000e+00
4.774e+02 1.595e+02 5.468e+02 1.308e+03 5.139e-02 0.000e+00 1.695e-03 0.000e+00 1.073e-01 0.000e+00 2.000e+01 0.000e+00
3.539e+02 8.900e+01 4.807e+02 1.308e+03 3.620e-02 0.000e+00 1.044e-03 0.000e+00 9.150e-02 0.000e+00 2.000e+01 0.000e+00
4.228e+02 1.595e+02 5.147e+02 1.308e+03 3.379e-02 0.000e+00 1.719e-03 0.000e+00 8.343e-02 0.000e+00 2.000e+01 0.000e+00
3.538e+02 8.900e+01 4.808e+02 1.308e+03 3.222e-02 0.000e+00 1.209e-03 0.000e+00 8.330e-02 0.000e+00 2.000e+01 0.000e+00
3.694e+02 1.595e+02 4.739e+02 1.308e+03 3.716e-02 0.000e+00 1.745e-03 0.000e+00 9.242e-02 0.000e+00 2.000e+01 0.000e+00
3.538e+02 8.900e+01 4.808e+02 1.308e+03 3.550e-02 0.000e+00 1.185e-03 0.000e+00 9.278e-02 0.000e+00 2.000e+01 0.000e+00
3.638e+02 1.030e+02 4.763e+02 1.308e+03 3.690e-02 0.000e+00 1.185e-03 0.000e+00 9.201e-02 0.000e+00 2.000e+01 0.000e+00
4.156e+02 1.030e+02 5.186e+02 1.308e+03 4.946e-02 0.000e+00 1.211e-03 0.000e+00 1.066e-01 0.000e+00 2.000e+01 0.000e+00
3.555e+02 1.030e+02 4.798e+02 1.308e+03 3.230e-02 0.000e+00 1.098e-03 0.000e+00 8.347e-02 0.000e+00 2.000e+01 0.000e+00
4.774e+02 1.595e+02 5.468e+02 1.308e+03 4.657e-02 0.000e+00 1.697e-03 0.000e+00 9.942e-02 0.000e+00 2.000e+01 0.000e+00
3.539e+02 8.900e+01 4.807e+02 1.308e+03 3.269e-02 0.000e+00 1.139e-03 0.000e+00 8.438e-02 0.000e+00 2.000e+01 0.000e+00
4.228e+02 1.595e+02 5.147e+02 1.308e+03 3.467e-02 0.000e+00 1.688e-03 0.000e+00 8.976e-02 0.000e+00 2.000e+01 0.000e+00
3.538e+02 8.900e+01 4.808e+02 1.308e+03 3.485e-02 0.000e+00 1.243e-03 0.000e+00 8.982e-02 0.000e+00 2.000e+01 0.000e+00
3.694e+02 1.595e+02 4.739e+02 1.308e+03 3.948e-02 0.000e+00 1.830e-03 0.000e+00 9.722e-02 0.000e+00 2.000e+01 0.000e+00
3.538e+02 8.900e+01 4.808e+02 1.308e+03 3.776e-02 0.000e+00 1.194e-03 0.000e+00 9.762e-02 0.000e+00 2.000e+01 0.000e+00
3.638e+02 1.030e+02 4.763e+02 1.308e+03 3.783e-02 0.000e+00 1.197e-03 0.000e+00 9.311e-02 0.000e+00 2.000e+01 0.000e+00
4.156e+02 1.030e+02 5.186e+02 1.308e+03 5.077e-02 0.000e+00 1.136e-03 0.000e+00 1.091e-01 0.000e+00 2.000e+01 0.000e+00
3.555e+02 1.030e+02 4.798e+02 1.308e+03 3.393e-02 0.000e+00 1.046e-03 0.000e+00 8.734e-02 0.000e+00 2.000e+01 0.000e+00
4.774e+02 1.595e+02 5.468e+02 1.308e+03 5.054e-02 0.000e+00 1.717e-03 0.000e+00 1.081e-01 0.000e+00 2.000e+01 0.000e+00
3.539e+02 8.900e+01 4.807e+02 1.308e+03 3.626e-02 0.000e+00 1.046e-03 0.000e+00 9.355e-02 0.000e+00 2.000e+01 0.000e+00
4.228e+02 1.595e+02 5.147e+02 1.308e+03 3.616e-02 0.000e+00 1.755e-03 0.000e+00 9.264e-02 0.000e+00 2.000e+01 0.000e+00
3.538e+02 8.900e+01 4.808e+02 1.308e+03 3.572e-02 0.000e+00 1.121e-03 0.000e+00 9.271e-02 0.000e+00 2.000e+01 0.000e+00
3.694e+02 1.595e+02 4.739e+02 1.308e+03 3.624e-02 0.000e+00 1.698e-03 0.000e+00 8.783e-02 0.000e+00 2.000e+01 0.000e+00
4.158e+02 1.030e+02 5.184e+02 1.308e+03 4.912e-02 0.000e+00 1.508e-03 0.000e+00 1.044e-01 0.000e+00 2.000e+01 0.000e+00
3.642e+02 1.030e+02 4.761e+02 1.308e+03 3.617e-02 0.000e+00 1.508e-03 0.000e+00 8.829e-02 0.000e+00 2.000e+01 0.000e+00
4.776e+02 1.595e+02 5.467e+02 1.308e+03 4.855e-02 0.000e+00 1.966e-03 0.000e+00 1.029e-01 0.000e+00 2.000e+01 0.000e+00
3.558e+02 1.030e+02 4.797e+02 1.308e+03 3.329e-02 0.000e+00 1.282e-03 0.000e+00 8.535e-02 0.000e+00 2.000e+01 0.000e+00
4.228e+02 1.595e+02 5.147e+02 1.308e+03 3.269e-02 0.000e+00 1.676e-03 0.000e+00 8.314e-02 0.000e+00 2.000e+01 0.000e+00
3.538e+02 8.900e+01 4.808e+02 1.308e+03 3.246e-02 0.000e+00 1.200e-03 0.000e+00 8.321e-02 0.000e+00 2.000e+01 0.000e+00
3.694e+02 1.595e+02 4.739e+02 1.308e+03 3.420e-02 0.000e+00 1.676e-03 0.000e+00 8.313e-02 0.000e+00 2.000e+01 0.000e+00
3.538e+02 8.900e+01 4.808e+02 1.308e+03 3.235e-02 0.000e+00 1.199e-03 0.000e+00 8.348e-02 0.000e+00 2.000e+01 0.000e+00
3.638e+02 1.030e+02 4.763e+02 1.308e+03 3.559e-02 0.000e+00 1.199e-03 0.000e+00 8.838e-02 0.000e+00 2.000e+01 0.000e+00
4.156e+02 1.030e+02 5.186e+02 1.308e+03 4.866e-02 0.000e+00 1.163e-03 0.000e+00 1.048e-01 0.000e+00 2.000e+01 0.000e+00
3.555e+02 1.030e+02 4.798e+02 1.308e+03 3.491e-02 0.000e+00 1.082e-03 0.000e+00 9.056e-02 0.000e+00 2.000e+01 0.000e+00
4.774e+02 1.595e+02 5.468e+02 1.308e+03 4.942e-02 0.000e+00 1.667e-03 0.000e+00 1.057e-01 0.000e+00 2.000e+01 0.000e+00
3.539e+02 8.900e+01 4.807e+02 1.308e+03 3.363e-02 0.000e+00 1.023e-03 0.000e+00 8.674e-02 0.000e+00 2.000e+01 0.000e+00
4.228e+02 1.595e+02 5.147e+02 1.308e+03 3.307e-02 0.000e+00 1.656e-03 0.000e+00 8.446e-02 0.000e+00 2.000e+01 0.000e+00
3.538e+02 8.900e+01 4.808e+02 1.308e+03 3.292e-02 0.000e+00 1.155e-03 0.000e+00 8.453e-02 0.000e+00 2.000e+01 0.000e+00
3.694e+02 1.595e+02 4.739e+02 1.308e+03 3.426e-02 0.000e+00 1.656e-03 0.000e+00 8.308e-02 0.000e+00 2.000e+01 0.000e+00
3.538e+02 8.900e+01 4.808e+02 1.308e+03 3.255e-02 0.000e+00 1.142e-03 0.000e+00 8.344e-02 0.000e+00 2.000e+01 0.000e+00
3.638e+02 1.030e+02 4.763e+02 1.308e+03 3.717e-02 0.000e+00 1.142e-03 0.000e+00 9.249e-02 0.000e+00 2.000e+01 0.000e+00
4.156e+02 1.030e+02 5.186e+02 1.308e+03 5.297e-02 0.000e+00 1.219e-03 0.000e+00 1.154e-01 0.000e+00 2.000e+01 0.000e+00
3.555e+02 1.030e+02 4.798e+02 1.308e+03 3.891e-02 0.000e+00 1.010e-03 0.000e+00 1.031e-01 0.000e+00 2.000e+01 0.000e+00
4.774e+02 1.595e+02 5.468e+02 1.308e+03 5.447e-02 0.000e+00 1.765e-03 0.000e+00 1.180e-01 0.000e+00 2.000e+01 0.000e+00
3.539e+02 8.900e+01 4.807e+02 1.308e+03 3.778e-02 0.000e+00 1.187e-03 0.000e+00 9.860e-02 0.000e+00 2.000e+01 0.000e+00
4.156e+02 1.030e+02 5.185e+02 1.308e+03 3.649e-02 0.000e+00 1.319e-03 0.000e+00 9.384e-02 0.000e+00 2.000e+01 0.000e+00
3.538e+02 8.900e+01 4.808e+02 1.308e+03 3.664e-02 0.000e+00 1.234e-03 0.000e+00 9.383e-02 0.000e+00 2.000e+01 0.000e+00
3.610e+02 1.030e+02 4.776e+02 1.308e+03 3.933e-02 0.000e+00 1.319e-03 0.000e+00 1.012e-01 0.000e+00 2.000e+01 0.000e+00
3.538e+02 8.900e+01 4.808e+02 1.308e+03 3.937e-02 0.000e+00 1.213e-03 0.000e+00 1.013e-01 0.000e+00 2.000e+01 0.000e+00
3.694e+02 1.595e+02 4.739e+02 1.308e+03 4.108e-02 0.000e+00 1.657e-03 0.000e+00 1.014e-01 0.000e+00 2.000e+01 0.000e+00
3.538e+02 8.900e+01 4.808e+02 1.308e+03 3.915e-02 0.000e+00 1.158e-03 0.000e+00 1.018e-01 0.000e+00 2.000e+01 0.000e+00
3.638e+02 1.030e+02 4.763e+02 1.308e+03 3.698e-02 0.000e+00 1.174e-03 0.000e+00 9.086e-02 0.000e+00 2.000e+01 0.000e+00
4.156e+02 1.030e+02 5.186e+02 1.308e+03 5.033e-02 0.000e+00 1.221e-03 0.000e+00 1.085e-01 0.000e+00 2.000e+01 0.000e+00
3.555e+02 1.030e+02 4.798e+02 1.308e+03 3.402e-02 0.000e+00 1.079e-03 0.000e+00 8.836e-02 0.000e+00 2.000e+01 0.000e+00
4.774e+02 1.595e+02 5.468e+02 1.308e+03 5.056e-02 0.000e+00 1.712e-03 0.000e+00 1.089e-01 0.000e+00 2.000e+01 0.000e+00
3.539e+02 8.900e+01 4.807e+02 1.308e+03 3.633e-02 0.000e+00 1.045e-03 0.000e+00 9.505e-02 0.000e+00 2.000e+01 0.000e+00
4.228e+02 1.595e+02 5.147e+02 1.308e+03 3.695e-02 0.000e+00 1.683e-03 0.000e+00 9.630e-02 0.000e+00 2.000e+01 0.000e+00
3.538e+02 8.900e+01 4.808e+02 1.308e+03 3.685e-02 0.000e+00 1.151e-03 0.000e+00 9.635e-02 0.000e+00 2.000e+01 0.000e+00
3.610e+02 1.030e+02 4.776e+02 1.308e+03 3.618e-02 0.000e+00 1.230e-03 0.000e+00 9.400e-02 0.000e+00 2.000e+01 0.000e+00
3.538e+02 8.900e+01 4.808e+02 1.308e+03 3.599e-02 0.000e+00 1.220e-03 0.000e+00 9.403e-02 0.000e+00 2.000e+01 0.000e+00
3.622e+02 1.030e+02 4.772e+02 1.308e+03 3.717e-02 0.000e+00 1.230e-03 0.000e+00 9.223e-02 0.000e+00 2.000e+01 0.000e+00
3.538e+02 8.900e+01 4.808e+02 1.308e+03 3.548e-02 0.000e+00 1.195e-03 0.000e+00 9.258e-02 0.000e+00 2.000e+01 0.000e+00
3.638e+02 1.030e+02 4.763e+02 1.308e+03 3.540e-02 0.000e+00 1.195e-03 0.000e+00 8.742e-02 0.000e+00 2.000e+01 0.000e+00
4.156e+02 1.030e+02 5.186e+02 1.308e+03 4.881e-02 0.000e+00 1.176e-03 0.000e+00 1.050e-01 0.000e+00 2.000e+01 0.000e+00
3.555e+02 1.030e+02 4.798e+02 1.308e+03 3.337e-02 0.000e+00 1.176e-03 0.000e+00 8.675e-02 0.000e+00 2.000e+01 0.000e+00
4.156e+02 1.030e+02 5.185e+02 1.308e+03 4.892e-02 0.000e+00 1.314e-03 0.000e+00 1.052e-01 0.000e+00 2.000e+01 0.000e+00
3.539e+02 8.900e+01 4.807e+02 1.308e+03 3.491e-02 0.000e+00 1.237e-03 0.000e+00 9.098e-02 0.000e+00 2.000e+01 0.000e+00
4.156e+02 1.030e+02 5.185e+02 1.308e+03 3.526e-02 0.000e+00 1.314e-03 0.000e+00 9.168e-02 0.000e+00 2.000e+01 0.000e+00
3.538e+02 8.900e+01 4.808e+02 1.308e+03 3.515e-02 0.000e+00 1.247e-03 0.000e+00 9.172e-02 0.000e+00 2.000e+01 0.000e+00
4.228e+02 1.595e+02 5.147e+02 1.308e+03 3.422e-02 0.000e+00 1.690e-03 0.000e+00 8.859e-02 0.000e+00 2.000e+01 0.000e+00
3.538e+02 8.900e+01 4.808e+02 1.308e+03 3.450e-02 0.000e+00 1.179e-03 0.000e+00 8.866e-02 0.000e+00 2.000e+01 0.000e+00
3.694e+02 1.595e+02 4.739e+02 1.308e+03 3.571e-02 0.000e+00 1.692e-03 0.000e+00 8.641e-02 0.000e+00 2.000e+01 0.000e+00
3.538e+02 8.900e+01 4.808e+02 1.308e+03 3.403e-02 0.000e+00 1.179e-03 0.000e+00 8.677e-02 0.000e+00 2.000e+01 0.000e+00
3.638e+02 1.030e+02 4.763e+02 1.308e+03 3.555e-02 0.000e+00 1.237e-03 0.000e+00 8.598e-02 0.000e+00 2.000e+01 0.000e+00
4.156e+02 1.030e+02 5.186e+02 1.308e+03 4.885e-02 0.000e+00 1.209e-03 0.000e+00 1.045e-01 0.000e+00 2.000e+01 0.000e+00
3.555e+02 1.030e+02 4.798e+02 1.308e+03 3.448e-02 0.000e+00 1.009e-03 0.000e+00 8.838e-02 0.000e+00 2.000e+01 0.000e+00
4.774e+02 1.595e+02 5.468e+02 1.308e+03 4.839e-02 0.000e+00 1.750e-03 0.000e+00 1.023e-01 0.000e+00 2.000e+01 0.000e+00
3.539e+02 8.900e+01 4.807e+02 1.308e+03 3.443e-02 0.000e+00 1.120e-03 0.000e+00 8.688e-02 0.000e+00 2.000e+01 0.000e+00
4.156e+02 1.030e+02 5.185e+02 1.308e+03 3.364e-02 0.000e+00 1.260e-03 0.000e+00 8.408e-02 0.000e+00 2.000e+01 0.000e+00
3.538e+02 8.900e+01 4.808e+02 1.308e+03 3.317e-02 0.000e+00 1.202e-03 0.000e+00 8.410e-02 0.000e+00 2.000e+01 0.000e+00
3.610e+02 1.030e+02 4.776e+02 1.308e+03 3.456e-02 0.000e+00 1.259e-03 0.000e+00 8.793e-02 0.000e+00 2.000e+01 0.000e+00
3.538e+02 8.900e+01 4.808e+02 1.308e+03 3.415e-02 0.000e+00 1.259e-03 0.000e+00 8.795e-02 0.000e+00 2.000e+01 0.000e+00
3.694e+02 1.595e+02 4.739e+02 1.308e+03 3.527e-02 0.000e+00 1.755e-03 0.000e+00 8.568e-02 0.000e+00 2.000e+01 0.000e+00
3.538e+02 8.900e+01 4.808e+02 1.308e+03 3.350e-02 0.000e+00 1.216e-03 0.000e+00 8.603e-02 0.000e+00 2.000e+01 0.000e+00
3.638e+02 1.030e+02 4.763e+02 1.308e+03 3.504e-02 0.000e+00 1.239e-03 0.000e+00 8.506e-02 0.000e+00 2.000e+01 0.000e+00
4.156e+02 1.030e+02 5.186e+02 1.308e+03 4.826e-02 0.000e+00 1.194e-03 0.000e+00 1.028e-01 0.000e+00 2.000e+01 0.000e+00
3.555e+02 1.030e+02 4.798e+02 1.308e+03 3.438e-02 0.000e+00 1.179e-03 0.000e+00 8.871e-02 0.000e+00 2.000e+01 0.000e+00
4.774e+02 1.595e+02 5.468e+02 1.308e+03 5.097e-02 0.000e+00 1.683e-03 0.000e+00 1.092e-01 0.000e+00 2.000e+01 0.000e+00
3.539e+02 8.900e+01 4.807e+02 1.308e+03 3.722e-02 0.000e+00 1.148e-03 0.000e+00 9.385e-02 0.000e+00 2.000e+01 0.000e+00
4.228e+02 1.595e+02 5.147e+02 1.308e+03 3.668e-02 0.000e+00 1.677e-03 0.000e+00 9.187e-02 0.000e+00 2.000e+01 0.000e+00
3.538e+02 8.900e+01 4.808e+02 1.308e+03 3.658e-02 0.000e+00 1.185e-03 0.000e+00 9.193e-02 0.000e+00 2.000e+01 0.000e+00
3.694e+02 1.595e+02 4.739e+02 1.308e+03 3.642e-02 0.000e+00 1.678e-03 0.000e+00 8.448e-02 0.000e+00 2.000e+01 0.000e+00
3.538e+02 8.900e+01 4.808e+02 1.308e+03 3.337e-02 0.000e+00 1.202e-03 0.000e+00 8.467e-02 0.000e+00 2.000e+01 0.000e+00
3.638e+02 1.030e+02 4.763e+02 1.308e+03 3.515e-02 0.000e+00 1.204e-03 0.000e+00 8.415e-02 0.000e+00 2.000e+01 0.000e+00
4.156e+02 1.030e+02 5.186e+02 1.308e+03 4.819e-02 0.000e+00 1.167e-03 0.000e+00 1.015e-01 0.000e+00 2.000e+01 0.000e+00
3.555e+02 1.030e+02 4.798e+02 1.308e+03 3.359e-02 0.000e+00 1.112e-03 0.000e+00 8.617e-02 0.000e+00 2.000e+01 0.000e+00
4.774e+02 1.595e+02 5.468e+02 1.308e+03 5.215e-02 0.000e+00 1.673e-03 0.000e+00 1.126e-01 0.000e+00 2.000e+01 0.000e+00
3.539e+02 8.900e+01 4.807e+02 1.308e+03 3.832e-02 0.000e+00 1.114e-03 0.000e+00 9.960e-02 0.000e+00 2.000e+01 0.000e+00
4.228e+02 1.595e+02 5.147e+02 1.308e+03 3.986e-02 0.000e+00 1.673e-03 0.000e+00 1.030e-01 0.000e+00 2.000e+01 0.000e+00
3.538e+02 8.900e+01 4.808e+02 1.308e+03 3.980e-02 0.000e+00 1.177e-03 0.000e+00 1.031e-01 0.000e+00 2.000e+01 0.000e+00
3.694e+02 1.595e+02 4.739e+02 1.308e+03 3.662e-02 0.000e+00 1.754e-03 0.000e+00 8.846e-02 0.000e+00 2.000e+01 0.000e+00
3.538e+02 8.900e+01 4.808e+02 1.308e+03 3.419e-02 0.000e+00 1.156e-03 0.000e+00 8.880e-02 0.000e+00 2.000e+01 0.000e+00
3.638e+02 1.030e+02 4.763e+02 1.308e+03 3.394e-02 0.000e+00 1.209e-03 0.000e+00 8.284e-02 0.000e+00 2.000e+01 0.000e+00
4.156e+02 1.030e+02 5.186e+02 1.308e+03 4.618e-02 0.000e+00 1.141e-03 0.000e+00 9.882e-02 0.000e+00 2.000e+01 0.000e+00
3.555e+02 1.030e+02 4.798e+02 1.308e+03 3.297e-02 0.000e+00 1.137e-03 0.000e+00 8.425e-02 0.000e+00 2.000e+01 0.000e+00
4.774e+02 1.595e+02 5.468e+02 1.308e+03 4.793e-02 0.000e+00 1.679e-03 0.000e+00 1.015e-01 0.000e+00 2.000e+01 0.000e+00
3.539e+02 8.900e+01 4.807e+02 1.308e+03 3.371e-02 0.000e+00 1.145e-03 0.000e+00 8.585e-02 0.000e+00 2.000e+01 0.000e+00
4.228e+02 1.595e+02 5.147e+02 1.308e+03 3.445e-02 0.000e+00 1.640e-03 0.000e+00 8.758e-02 0.000e+00 2.000e+01 0.000e+00
3.538e+02 8.900e+01 4.808e+02 1.308e+03 3.385e-02 0.000e+00 1.151e-03 0.000e+00 8.763e-02 0.000e+00 2.000e+01 0.000e+00
3.694e+02 1.595e+02 4.739e+02 1.308e+03 3.504e-02 0.000e+00 1.633e-03 0.000e+00 8.562e-02 0.000e+00 2.000e+01 0.000e+00
3.538e+02 8.900e+01 4.808e+02 1.308e+03 3.323e-02 0.000e+00 1.139e-03 0.000e+00 8.599e-02 0.000e+00 2.000e+01 0.000e+00
3.638e+02 1.030e+02 4.763e+02 1.308e+03 3.429e-02 0.000e+00 1.167e-03 0.000e+00 8.401e-02 0.000e+00 2.000e+01 0.000e+00
4.156e+02 1.030e+02 5.186e+02 1.308e+03 4.777e-02 0.000e+00 1.208e-03 0.000e+00 1.021e-01 0.000e+00 2.000e+01 0.000e+00
3.555e+02 1.030e+02 4.798e+02 1.308e+03 3.412e-02 0.000e+00 1.140e-03 0.000e+00 8.665e-02 0.000e+00 2.000e+01 0.000e+00
4.156e+02 1.030e+02 5.185e+02 1.308e+03 4.815e-02 0.000e+00 1.245e-03 0.000e+00 1.016e-01 0.000e+00 2.000e+01 0.000e+00
3.539e+02 8.900e+01 4.807e+02 1.308e+03 3.463e-02 0.000e+00 1.220e-03 0.000e+00 8.658e-02 0.000e+00 2.000e+01 0.000e+00
4.156e+02 1.030e+02 5.185e+02 1.308e+03 3.411e-02 0.000e+00 1.226e-03 0.000e+00 8.492e-02 0.000e+00 2.000e+01 0.000e+00
3.538e+02 8.900e+01 4.808e+02 1.308e+03 3.330e-02 0.000e+00 1.169e-03 0.000e+00 8.494e-02 0.000e+00 2.000e+01 0.000e+00
4.228e+02 1.595e+02 5.147e+02 1.308e+03 3.469e-02 0.000e+00 1.645e-03 0.000e+00 8.855e-02 0.000e+00 2.000e+01 0.000e+00
3.538e+02 8.900e+01 4.808e+02 1.308e+03 3.404e-02 0.000e+00 1.150e-03 0.000e+00 8.858e-02 0.000e+00 2.000e+01 0.000e+00
3.694e+02 1.595e+02 4.739e+02 1.308e+03 3.666e-02 0.000e+00 1.707e-03 0.000e+00 9.071e-02 0.000e+00 2.000e+01 0.000e+00
3.538e+02 8.900e+01 4.808e+02 1.308e+03 3.498e-02 0.000e+00 1.178e-03 0.000e+00 9.108e-02 0.000e+00 2.000e+01 0.000e+00
3.638e+02 1.030e+02 4.763e+02 1.308e+03 3.564e-02 0.000e+00 1.209e-03 0.000e+00 8.783e-02 0.000e+00 2.000e+01 0.000e+00
4.156e+02 1.030e+02 5.186e+02 1.308e+03 4.864e-02 0.000e+00 1.221e-03 0.000e+00 1.043e-01 0.000e+00 2.000e+01 0.000e+00
3.555e+02 1.030e+02 4.798e+02 1.308e+03 3.342e-02 0.000e+00 1.130e-03 0.000e+00 8.612e-02 0.000e+00 2.000e+01 0.000e+00
4.774e+02 1.595e+02 5.468e+02 1.308e+03 4.902e-02 0.000e+00 1.692e-03 0.000e+00 1.045e-01 0.000e+00 2.000e+01 0.000e+00
3.539e+02 8.900e+01 4.807e+02 1.308e+03 3.478e-02 0.000e+00 1.118e-03 0.000e+00 8.962e-02 0.000e+00 2.000e+01 0.000e+00
4.228e+02 1.595e+02 5.147e+02 1.308e+03 3.585e-02 0.000e+00 1.702e-03 0.000e+00 9.183e-02 0.000e+00 2.000e+01 0.000e+00
3.538e+02 8.900e+01 4.808e+02 1.308e+03 3.629e-02 0.000e+00 1.173e-03 0.000e+00 9.194e-02 0.000e+00 2.000e+01 0.000e+00
3.694e+02 1.595e+02 4.739e+02 1.308e+03 3.844e-02 0.000e+00 2.174e-03 0.000e+00 9.214e-02 0.000e+00 2.000e+01 0.000e+00
3.538e+02 8.900e+01 4.808e+02 1.308e+03 3.657e-02 0.000e+00 1.164e-03 0.000e+00 9.256e-02 0.000e+00 2.000e+01 0.000e+00
3.638e+02 1.030e+02 4.763e+02 1.308e+03 3.897e-02 0.000e+00 1.188e-03 0.000e+00 9.243e-02 0.000e+00 2.000e+01 0.000e+00
4.156e+02 1.030e+02 5.186e+02 1.308e+03 5.179e-02 0.000e+00 1.147e-03 0.000e+00 1.092e-01 0.000e+00 2.000e+01 0.000e+00
3.555e+02 1.030e+02 4.798e+02 1.308e+03 3.622e-02 0.000e+00 1.040e-03 0.000e+00 9.151e-02 0.000e+00 2.000e+01 0.000e+00
4.156e+02 1.030e+02 5.185e+02 1.308e+03 5.027e-02 0.000e+00 1.313e-03 0.000e+00 1.054e-01 0.000e+00 2.000e+01 0.000e+00
3.539e+02 8.900e+01 4.807e+02 1.308e+03 3.392e-02 0.000e+00 1.220e-03 0.000e+00 8.705e-02 0.000e+00 2.000e+01 0.000e+00
4.156e+02 1.030e+02 5.185e+02 1.308e+03 3.321e-02 0.000e+00 1.313e-03 0.000e+00 8.466e-02 0.000e+00 2.000e+01 0.000e+00
3.538e+02 8.900e+01 4.808e+02 1.308e+03 3.284e-02 0.000e+00 1.267e-03 0.000e+00 8.466e-02 0.000e+00 2.000e+01 0.000e+00
4.228e+02 1.595e+02 5.147e+02 1.308e+03 3.438e-02 0.000e+00 1.734e-03 0.000e+00 8.871e-02 0.000e+00 2.000e+01 0.000e+00
3.538e+02 8.900e+01 4.808e+02 1.308e+03 3.423e-02 0.000e+00 1.200e-03 0.000e+00 8.877e-02 0.000e+00 2.000e+01 0.000e+00
3.694e+02 1.595e+02 4.739e+02 1.308e+03 3.554e-02 0.000e+00 1.724e-03 0.000e+00 8.731e-02 0.000e+00 2.000e+01 0.000e+00
3.538e+02 8.900e+01 4.808e+02 1.308e+03 3.376e-02 0.000e+00 1.200e-03 0.000e+00 8.771e-02 0.000e+00 2.000e+01 0.000e+00
3.638e+02 1.030e+02 4.763e+02 1.308e+03 3.735e-02 0.000e+00 1.239e-03 0.000e+00 8.914e-02 0.000e+00 2.000e+01 0.000e+00
4.156e+02 1.030e+02 5.186e+02 1.308e+03 5.043e-02 0.000e+00 1.274e-03 0.000e+00 1.052e-01 0.000e+00 2.000e+01 0.000e+00
3.555e+02 1.030e+02 4.798e+02 1.308e+03 3.644e-02 0.000e+00 1.145e-03 0.000e+00 9.122e-02 0.000e+00 2.000e+01 0.000e+00
4.774e+02 1.595e+02 5.468e+02 1.308e+03 5.067e-02 0.000e+00 1.693e-03 0.000e+00 1.054e-01 0.000e+00 2.000e+01 0.000e+00
3.539e+02 8.900e+01 4.807e+02 1.308e+03 3.318e-02 0.000e+00 1.130e-03 0.000e+00 8.583e-02 0.000e+00 2.000e+01 0.000e+00
4.228e+02 1.595e+02 5.147e+02 1.308e+03 3.234e-02 0.000e+00 1.663e-03 0.000e+00 8.290e-02 0.000e+00 2.000e+01 0.000e+00
3.538e+02 8.900e+01 4.808e+02 1.308e+03 3.213e-02 0.000e+00 1.186e-03 0.000e+00 8.295e-02 0.000e+00 2.000e+01 0.000e+00
3.694e+02 1.595e+02 4.739e+02 1.308e+03 3.642e-02 0.000e+00 1.674e-03 0.000e+00 8.972e-02 0.000e+00 2.000e+01 0.000e+00
3.538e+02 8.900e+01 4.808e+02 1.308e+03 3.472e-02 0.000e+00 1.168e-03 0.000e+00 9.009e-02 0.000e+00 2.000e+01 0.000e+00
3.638e+02 1.030e+02 4.763e+02 1.308e+03 4.058e-02 0.000e+00 1.206e-03 0.000e+00 9.902e-02 0.000e+00 2.000e+01 0.000e+00
4.156e+02 1.030e+02 5.186e+02 1.308e+03 5.288e-02 0.000e+00 1.212e-03 0.000e+00 1.117e-01 0.000e+00 2.000e+01 0.000e+00
3.555e+02 1.030e+02 4.798e+02 1.308e+03 3.626e-02 0.000e+00 1.109e-03 0.000e+00 9.242e-02 0.000e+00 2.000e+01 0.000e+00
4.774e+02 1.595e+02 5.468e+02 1.308e+03 5.042e-02 0.000e+00 1.789e-03 0.000e+00 1.062e-01 0.000e+00 2.000e+01 0.000e+00
3.539e+02 8.900e+01 4.807e+02 1.308e+03 3.237e-02 0.000e+00 1.098e-03 0.000e+00 8.316e-02 0.000e+00 2.000e+01 0.000e+00
4.228e+02 1.595e+02 5.147e+02 1.308e+03 3.329e-02 0.000e+00 1.689e-03 0.000e+00 8.539e-02 0.000e+00 2.000e+01 0.000e+00
3.538e+02 8.900e+01 4.808e+02 1.308e+03 3.309e-02 0.000e+00 1.147e-03 0.000e+00 8.546e-02 0.000e+00 2.000e+01 0.000e+00
3.694e+02 1.595e+02 4.739e+02 1.308e+03 3.550e-02 0.000e+00 1.718e-03 0.000e+00 8.612e-02 0.000e+00 2.000e+01 0.000e+00
3.538e+02 8.900e+01 4.808e+02 1.308e+03 3.383e-02 0.000e+00 1.176e-03 0.000e+00 8.647e-02 0.000e+00 2.000e+01 0.000e+00
3.638e+02 1.030e+02 4.763e+02 1.308e+03 3.568e-02 0.000e+00 1.226e-03 0.000e+00 8.589e-02 0.000e+00 2.000e+01 0.000e+00
3.540e+02 9.150e+01 4.807e+02 1.308e+03 3.449e-02 0.000e+00 1.399e-03 0.000e+00 8.605e-02 0.000e+00 2.000e+01 0.000e+00
3.556e+02 1.030e+02 4.798e+02 1.308e+03 3.666e-02 0.000e+00 1.399e-03 0.000e+00 9.276e-02 0.000e+00 2.000e+01 0.000e+00
4.159e+02 1.030e+02 5.184e+02 1.308e+03 5.161e-02 0.000e+00 2.179e-03 0.000e+00 1.085e-01 0.000e+00 2.000e+01 0.000e+00
3.542e+02 9.150e+01 4.806e+02 1.308e+03 3.667e-02 0.000e+00 1.399e-03 0.000e+00 9.380e-02 0.000e+00 2.000e+01 0.000e+00
4.774e+02 1.595e+02 5.468e+02 1.308e+03 5.016e-02 0.000e+00 1.645e-03 0.000e+00 1.073e-01 0.000e+00 2.000e+01 0.000e+00
3.539e+02 8.900e+01 4.807e+02 1.308e+03 3.344e-02 0.000e+00 1.084e-03 0.000e+00 8.601e-02 0.000e+00 2.000e+01 0.000e+00
4.228e+02 1.595e+02 5.147e+02 1.308e+03 3.246e-02 0.000e+00 1.645e-03 0.000e+00 8.257e-02 0.000e+00 2.000e+01 0.000e+00
3.538e+02 8.900e+01 4.808e+02 1.308e+03 3.234e-02 0.000e+00 1.172e-03 0.000e+00 8.262e-02 0.000e+00 2.000e+01 0.000e+00
3.694e+02 1.595e+02 4.739e+02 1.308e+03 3.470e-02 0.000e+00 1.687e-03 0.000e+00 8.424e-02 0.000e+00 2.000e+01 0.000e+00
3.538e+02 8.900e+01 4.808e+02 1.308e+03 3.271e-02 0.000e+00 1.208e-03 0.000e+00 8.458e-02 0.000e+00 2.000e+01 0.000e+00
3.638e+02 1.030e+02 4.763e+02 1.308e+03 3.432e-02 0.000e+00 1.254e-03 0.000e+00 8.436e-02 0.000e+00 2.000e+01 0.000e+00
4.156e+02 1.030e+02 5.186e+02 1.308e+03 4.731e-02 0.000e+00 1.194e-03 0.000e+00 1.015e-01 0.000e+00 2.000e+01 0.000e+00
3.555e+02 1.030e+02 4.798e+02 1.308e+03 3.288e-02 0.000e+00 1.071e-03 0.000e+00 8.481e-02 0.000e+00 2.000e+01 0.000e+00
4.774e+02 1.595e+02 5.468e+02 1.308e+03 4.720e-02 0.000e+00 1.664e-03 0.000e+00 1.007e-01 0.000e+00 2.000e+01 0.000e+00
3.539e+02 8.900e+01 4.807e+02 1.308e+03 3.329e-02 0.000e+00 1.071e-03 0.000e+00 8.599e-02 0.000e+00 2.000e+01 0.000e+00
4.228e+02 1.595e+02 5.147e+02 1.308e+03 3.336e-02 0.000e+00 1.669e-03 0.000e+00 8.569e-02 0.000e+00 2.000e+01 0.000e+00
3.538e+02 8.900e+01 4.808e+02 1.308e+03 3.305e-02 0.000e+00 1.148e-03 0.000e+00 8.576e-02 0.000e+00 2.000e+01 0.000e+00
3.694e+02 1.595e+02 4.739e+02 1.308e+03 3.444e-02 0.000e+00 1.675e-03 0.000e+00 8.454e-02 0.000e+00 2.000e+01 0.000e+00
3.538e+02 8.900e+01 4.808e+02 1.308e+03 3.275e-02 0.000e+00 1.148e-03 0.000e+00 8.489e-02 0.000e+00 2.000e+01 0.000e+00
3.638e+02 1.030e+02 4.763e+02 1.308e+03 3.411e-02 0.000e+00 1.213e-03 0.000e+00 8.357e-02 0.000e+00 2.000e+01 0.000e+00
4.156e+02 1.030e+02 5.186e+02 1.308e+03 4.809e-02 0.000e+00 1.245e-03 0.000e+00 1.032e-01 0.000e+00 2.000e+01 0.000e+00
3.555e+02 1.030e+02 4.798e+02 1.308e+03 3.422e-02 0.000e+00 1.068e-03 0.000e+00 8.872e-02 0.000e+00 2.000e+01 0.000e+00
4.774e+02 1.595e+02 5.468e+02 1.308e+03 4.826e-02 0.000e+00 1.633e-03 0.000e+00 1.030e-01 0.000e+00 2.000e+01 0.000e+00
3.539e+02 8.900e+01 4.807e+02 1.308e+03 3.388e-02 0.000e+00 1.045e-03 0.000e+00 8.795e-02 0.000e+00 2.000e+01 0.000e+00
4.228e+02 1.595e+02 5.147e+02 1.308e+03 3.215e-02 0.000e+00 1.623e-03 0.000e+00 8.219e-02 0.000e+00 2.000e+01 0.000e+00
3.538e+02 8.900e+01 4.808e+02 1.308e+03 3.191e-02 0.000e+00 1.143e-03 0.000e+00 8.224e-02 0.000e+00 2.000e+01 0.000e+00
3.694e+02 1.595e+02 4.739e+02 1.308e+03 3.352e-02 0.000e+00 1.673e-03 0.000e+00 8.166e-02 0.000e+00 2.000e+01 0.000e+00
3.538e+02 8.900e+01 4.808e+02 1.308e+03 3.182e-02 0.000e+00 1.141e-03 0.000e+00 8.200e-02 0.000e+00 2.000e+01 0.000e+00
3.638e+02 1.030e+02 4.763e+02 1.308e+03 3.384e-02 0.000e+00 1.141e-03 0.000e+00 8.304e-02 0.000e+00 2.000e+01 0.000e+00
4.156e+02 1.030e+02 5.186e+02 1.308e+03 4.615e-02 0.000e+00 1.148e-03 0.000e+00 9.874e-02 0.000e+00 2.000e+01 0.000e+00
3.555e+02 1.030e+02 4.798e+02 1.308e+03 3.263e-02 0.000e+00 1.017e-03 0.000e+00 8.356e-02 0.000e+00 2.000e+01 0.000e+00
4.774e+02 1.595e+02 5.468e+02 1.308e+03 4.715e-02 0.000e+00 1.655e-03 0.000e+00 1.001e-01 0.000e+00 2.000e+01 0.000e+00
3.539e+02 8.900e+01 4.807e+02 1.308e+03 3.319e-02 0.000e+00 1.015e-03 0.000e+00 8.444e-02 0.000e+00 2.000e+01 0.000e+00
4.228e+02 1.595e+02 5.147e+02 1.308e+03 3.363e-02 0.000e+00 1.655e-03 0.000e+00 8.506e-02 0.000e+00 2.000e+01 0.000e+00
3.538e+02 8.900e+01 4.808e+02 1.308e+03 3.322e-02 0.000e+00 1.150e-03 0.000e+00 8.510e-02 0.000e+00 2.000e+01 0.000e+00
3.694e+02 1.595e+02 4.739e+02 1.308e+03 3.436e-02 0.000e+00 1.602e-03 0.000e+00 8.308e-02 0.000e+00 2.000e+01 0.000e+00
3.538e+02 8.900e+01 4.808e+02 1.308e+03 3.241e-02 0.000e+00 1.150e-03 0.000e+00 8.344e-02 0.000e+00 2.000e+01 0.000e+00
3.638e+02 1.030e+02 4.763e+02 1.308e+03 3.450e-02 0.000e+00 1.154e-03 0.000e+00 8.445e-02 0.000e+00 2.000e+01 0.000e+00
3.538e+02 8.900e+01 4.808e+02 1.308e+03 3.281e-02 0.000e+00 1.198e-03 0.000e+00 8.476e-02 0.000e+00 2.000e+01 0.000e+00
3.554e+02 1.030e+02 4.799e+02 1.308e+03 3.308e-02 0.000e+00 1.198e-03 0.000e+00 8.559e-02 0.000e+00 2.000e+01 0.000e+00
4.156e+02 1.030e+02 5.185e+02 1.308e+03 4.743e-02 0.000e+00 1.244e-03 0.000e+00 1.014e-01 0.000e+00 2.000e+01 0.000e+00
3.539e+02 8.900e+01 4.807e+02 1.308e+03 3.275e-02 0.000e+00 1.237e-03 0.000e+00 8.478e-02 0.000e+00 2.000e+01 0.000e+00
4.774e+02 1.595e+02 5.468e+02 1.308e+03 4.711e-02 0.000e+00 1.695e-03 0.000e+00 1.008e-01 0.000e+00 2.000e+01 0.000e+00
3.539e+02 8.900e+01 4.807e+02 1.308e+03 3.287e-02 0.000e+00 1.062e-03 0.000e+00 8.526e-02 0.000e+00 2.000e+01 0.000e+00
4.228e+02 1.595e+02 5.147e+02 1.308e+03 3.341e-02 0.000e+00 1.640e-03 0.000e+00 8.635e-02 0.000e+00 2.000e+01 0.000e+00
3.538e+02 8.900e+01 4.808e+02 1.308e+03 3.325e-02 0.000e+00 1.177e-03 0.000e+00 8.641e-02 0.000e+00 2.000e+01 0.000e+00
3.694e+02 1.595e+02 4.739e+02 1.308e+03 3.476e-02 0.000e+00 1.637e-03 0.000e+00 8.553e-02 0.000e+00 2.000e+01 0.000e+00
3.538e+02 8.900e+01 4.808e+02 1.308e+03 3.313e-02 0.000e+00 1.208e-03 0.000e+00 8.587e-02 0.000e+00 2.000e+01 0.000e+00
3.622e+02 1.030e+02 4.772e+02 1.308e+03 3.608e-02 0.000e+00 1.228e-03 0.000e+00 8.656e-02 0.000e+00 2.000e+01 0.000e+00
3.538e+02 8.900e+01 4.808e+02 1.308e+03 3.448e-02 0.000e+00 1.192e-03 0.000e+00 8.689e-02 0.000e+00 2.000e+01 0.000e+00
3.554e+02 1.030e+02 4.799e+02 1.308e+03 3.620e-02 0.000e+00 1.192e-03 0.000e+00 9.207e-02 0.000e+00 2.000e+01 0.000e+00
4.156e+02 1.030e+02 5.186e+02 1.308e+03 5.001e-02 0.000e+00 1.182e-03 0.000e+00 1.055e-01 0.000e+00 2.000e+01 0.000e+00
3.555e+02 1.030e+02 4.798e+02 1.308e+03 3.433e-02 0.000e+00 1.063e-03 0.000e+00 8.872e-02 0.000e+00 2.000e+01 0.000e+00
4.774e+02 1.595e+02 5.468e+02 1.308e+03 4.919e-02 0.000e+00 1.699e-03 0.000e+00 1.049e-01 0.000e+00 2.000e+01 0.000e+00
3.539e+02 8.900e+01 4.807e+02 1.308e+03 3.342e-02 0.000e+00 1.078e-03 0.000e+00 8.520e-02 0.000e+00 2.000e+01 0.000e+00
4.228e+02 1.595e+02 5.147e+02 1.308e+03 3.372e-02 0.000e+00 1.709e-03 0.000e+00 8.551e-02 0.000e+00 2.000e+01 0.000e+00
3.538e+02 8.900e+01 4.808e+02 1.308e+03 3.320e-02 0.000e+00 1.180e-03 0.000e+00 8.556e-02 0.000e+00 2.000e+01 0.000e+00
3.694e+02 1.595e+02 4.739e+02 1.308e+03 3.408e-02 0.000e+00 1.709e-03 0.000e+00 8.280e-02 0.000e+00 2.000e+01 0.000e+00
3.538e+02 8.900e+01 4.808e+02 1.308e+03 3.221e-02 0.000e+00 1.132e-03 0.000e+00 8.314e-02 0.000e+00 2.000e+01 0.000e+00
3.638e+02 1.030e+02 4.763e+02 1.308e+03 3.407e-02 0.000e+00 1.132e-03 0.000e+00 8.351e-02 0.000e+00 2.000e+01 0.000e+00
3.538e+02 8.900e+01 4.808e+02 1.308e+03 3.250e-02 0.000e+00 1.205e-03 0.000e+00 8.381e-02 0.000e+00 2.000e+01 0.000e+00
3.554e+02 1.030e+02 4.799e+02 1.308e+03 3.299e-02 0.000e+00 1.205e-03 0.000e+00 8.527e-02 0.000e+00 2.000e+01 0.000e+00
4.156e+02 1.030e+02 5.185e+02 1.308e+03 4.716e-02 0.000e+00 1.265e-03 0.000e+00 1.008e-01 0.000e+00 2.000e+01 0.000e+00
3.539e+02 8.900e+01 4.807e+02 1.308e+03 3.324e-02 0.000e+00 1.265e-03 0.000e+00 8.515e-02 0.000e+00 2.000e+01 0.000e+00
4.156e+02 1.030e+02 5.185e+02 1.308e+03 4.762e-02 0.000e+00 1.428e-03 0.000e+00 1.012e-01 0.000e+00 2.000e+01 0.000e+00
3.539e+02 8.900e+01 4.807e+02 1.308e+03 3.316e-02 0.000e+00 1.268e-03 0.000e+00 8.494e-02 0.000e+00 2.000e+01 0.000e+00
4.156e+02 1.030e+02 5.185e+02 1.308e+03 3.352e-02 0.000e+00 1.428e-03 0.000e+00 8.578e-02 0.000e+00 2.000e+01 0.000e+00
3.538e+02 8.900e+01 4.808e+02 1.308e+03 3.324e-02 0.000e+00 1.205e-03 0.000e+00 8.581e-02 0.000e+00 2.000e+01 0.000e+00
4.228e+02 1.595e+02 5.147e+02 1.308e+03 3.272e-02 0.000e+00 1.675e-03 0.000e+00 8.388e-02 0.000e+00 2.000e+01 0.000e+00
3.538e+02 8.900e+01 4.808e+02 1.308e+03 3.263e-02 0.000e+00 1.165e-03 0.000e+00 8.394e-02 0.000e+00 2.000e+01 0.000e+00
3.694e+02 1.595e+02 4.739e+02 1.308e+03 3.462e-02 0.000e+00 1.675e-03 0.000e+00 8.426e-02 0.000e+00 2.000e+01 0.000e+00
3.538e+02 8.900e+01 4.808e+02 1.308e+03 3.282e-02 0.000e+00 1.196e-03 0.000e+00 8.461e-02 0.000e+00 2.000e+01 0.000e+00
3.638e+02 1.030e+02 4.763e+02 1.308e+03 3.508e-02 0.000e+00 1.196e-03 0.000e+00 8.519e-02 0.000e+00 2.000e+01 0.000e+00
4.156e+02 1.030e+02 5.186e+02 1.308e+03 4.796e-02 0.000e+00 1.212e-03 0.000e+00 1.018e-01 0.000e+00 2.000e+01 0.000e+00
3.555e+02 1.030e+02 4.798e+02 1.308e+03 3.332e-02 0.000e+00 1.212e-03 0.000e+00 8.505e-02 0.000e+00 2.000e+01 0.000e+00
4.774e+02 1.595e+02 5.468e+02 1.308e+03 4.787e-02 0.000e+00 1.786e-03 0.000e+00 1.011e-01 0.000e+00 2.000e+01 0.000e+00
3.539e+02 8.900e+01 4.807e+02 1.308e+03 3.350e-02 0.000e+00 1.198e-03 0.000e+00 8.607e-02 0.000e+00 2.000e+01 0.000e+00
4.228e+02 1.595e+02 5.147e+02 1.308e+03 3.418e-02 0.000e+00 1.786e-03 0.000e+00 8.730e-02 0.000e+00 2.000e+01 0.000e+00
3.538e+02 8.900e+01 4.808e+02 1.308e+03 3.395e-02 0.000e+00 1.161e-03 0.000e+00 8.737e-02 0.000e+00 2.000e+01 0.000e+00
3.694e+02 1.595e+02 4.739e+02 1.308e+03 3.758e-02 0.000e+00 1.769e-03 0.000e+00 9.229e-02 0.000e+00 2.000e+01 0.000e+00
3.538e+02 8.900e+01 4.808e+02 1.308e+03 3.578e-02 0.000e+00 1.169e-03 0.000e+00 9.268e-02 0.000e+00 2.000e+01 0.000e+00
3.638e+02 1.030e+02 4.763e+02 1.308e+03 3.659e-02 0.000e+00 1.208e-03 0.000e+00 9.031e-02 0.000e+00 2.000e+01 0.000e+00
4.156e+02 1.030e+02 5.186e+02 1.308e+03 4.927e-02 0.000e+00 1.218e-03 0.000e+00 1.055e-01 0.000e+00 2.000e+01 0.000e+00
3.555e+02 1.030e+02 4.798e+02 1.308e+03 3.285e-02 0.000e+00 1.029e-03 0.000e+00 8.495e-02 0.000e+00 2.000e+01 0.000e+00
4.774e+02 1.595e+02 5.468e+02 1.308e+03 4.667e-02 0.000e+00 1.711e-03 0.000e+00 9.961e-02 0.000e+00 2.000e+01 0.000e+00
3.539e+02 8.900e+01 4.807e+02 1.308e+03 3.246e-02 0.000e+00 9.813e-04 0.000e+00 8.359e-02 0.000e+00 2.000e+01 0.000e+00
4.228e+02 1.595e+02 5.147e+02 1.308e+03 3.318e-02 0.000e+00 1.664e-03 0.000e+00 8.527e-02 0.000e+00 2.000e+01 0.000e+00
3.538e+02 8.900e+01 4.808e+02 1.308e+03 3.309e-02 0.000e+00 1.145e-03 0.000e+00 8.532e-02 0.000e+00 2.000e+01 0.000e+00
3.610e+02 1.030e+02 4.776e+02 1.308e+03 3.384e-02 0.000e+00 1.220e-03 0.000e+00 8.711e-02 0.000e+00 2.000e+01 0.000e+00
3.538e+02 8.900e+01 4.808e+02 1.308e+03 3.370e-02 0.000e+00 1.196e-03 0.000e+00 8.713e-02 0.000e+00 2.000e+01 0.000e+00
3.622e+02 1.030e+02 4.772e+02 1.308e+03 3.527e-02 0.000e+00 1.220e-03 0.000e+00 8.604e-02 0.000e+00 2.000e+01 0.000e+00
3.538e+02 8.900e+01 4.808e+02 1.308e+03 3.359e-02 0.000e+00 1.165e-03 0.000e+00 8.638e-02 0.000e+00 2.000e+01 0.000e+00
3.638e+02 1.030e+02 4.763e+02 1.308e+03 3.575e-02 0.000e+00 1.165e-03 0.000e+00 8.733e-02 0.000e+00 2.000e+01 0.000e+00
4.156e+02 1.030e+02 5.186e+02 1.308e+03 4.832e-02 0.000e+00 1.137e-03 0.000e+00 1.030e-01 0.000e+00 2.000e+01 0.000e+00
3.555e+02 1.030e+02 4.798e+02 1.308e+03 3.356e-02 0.000e+00 1.014e-03 0.000e+00 8.660e-02 0.000e+00 2.000e+01 0.000e+00
4.774e+02 1.595e+02 5.468e+02 1.308e+03 4.785e-02 0.000e+00 1.715e-03 0.000e+00 1.019e-01 0.000e+00 2.000e+01 0.000e+00
3.539e+02 8.900e+01 4.807e+02 1.308e+03 3.320e-02 0.000e+00 1.054e-03 0.000e+00 8.467e-02 0.000e+00 2.000e+01 0.000e+00
4.228e+02 1.595e+02 5.147e+02 1.308e+03 3.383e-02 0.000e+00 1.678e-03 0.000e+00 8.600e-02 0.000e+00 2.000e+01 0.000e+00
3.538e+02 8.900e+01 4.808e+02 1.308e+03 3.392e-02 0.000e+00 1.145e-03 0.000e+00 8.608e-02 0.000e+00 2.000e+01 0.000e+00
3.694e+02 1.595e+02 4.739e+02 1.308e+03 3.606e-02 0.000e+00 1.715e-03 0.000e+00 8.612e-02 0.000e+00 2.000e+01 0.000e+00
3.538e+02 8.900e+01 4.808e+02 1.308e+03 3.401e-02 0.000e+00 1.251e-03 0.000e+00 8.648e-02 0.000e+00 2.000e+01 0.000e+00
3.638e+02 1.030e+02 4.763e+02 1.308e+03 3.541e-02 0.000e+00 1.357e-03 0.000e+00 8.519e-02 0.000e+00 2.000e+01 0.000e+00
4.156e+02 1.030e+02 5.186e+02 1.308e+03 4.827e-02 0.000e+00 1.357e-03 0.000e+00 1.025e-01 0.000e+00 2.000e+01 0.000e+00
3.555e+02 1.030e+02 4.798e+02 1.308e+03 3.366e-02 0.000e+00 1.209e-03 0.000e+00 8.693e-02 0.000e+00 2.000e+01 0.000e+00
4.774e+02 1.595e+02 5.468e+02 1.308e+03 4.765e-02 0.000e+00 1.649e-03 0.000e+00 1.017e-01 0.000e+00 2.000e+01 0.000e+00
3.539e+02 8.900e+01 4.807e+02 1.308e+03 3.317e-02 0.000e+00 1.033e-03 0.000e+00 8.568e-02 0.000e+00 2.000e+01 0.000e+00
4.228e+02 1.595e+02 5.147e+02 1.308e+03 3.248e-02 0.000e+00 1.642e-03 0.000e+00 8.291e-02 0.000e+00 2.000e+01 0.000e+00
3.538e+02 8.900e+01 4.808e+02 1.308e+03 3.240e-02 0.000e+00 1.139e-03 0.000e+00 8.297e-02 0.000e+00 2.000e+01 0.000e+00
3.694e+02 1.595e+02 4.739e+02 1.308e+03 3.527e-02 0.000e+00 1.701e-03 0.000e+00 8.593e-02 0.000e+00 2.000e+01 0.000e+00
3.538e+02 8.900e+01 4.808e+02 1.308e+03 3.343e-02 0.000e+00 1.139e-03 0.000e+00 8.629e-02 0.000e+00 2.000e+01 0.000e+00
3.638e+02 1.030e+02 4.763e+02 1.308e+03 3.542e-02 0.000e+00 1.172e-03 0.000e+00 8.663e-02 0.000e+00 2.000e+01 0.000e+00
4.156e+02 1.030e+02 5.186e+02 1.308e+03 4.783e-02 0.000e+00 1.143e-03 0.000e+00 1.021e-01 0.000e+00 2.000e+01 0.000e+00
3.555e+02 1.030e+02 4.798e+02 1.308e+03 3.281e-02 0.000e+00 1.027e-03 0.000e+00 8.408e-02 0.000e+00 2.000e+01 0.000e+00
4.774e+02 1.595e+02 5.468e+02 1.308e+03 4.754e-02 0.000e+00 1.647e-03 0.000e+00 1.010e-01 0.000e+00 2.000e+01 0.000e+00
3.539e+02 8.900e+01 4.807e+02 1.308e+03 3.366e-02 0.000e+00 1.145e-03 0.000e+00 8.564e-02 0.000e+00 2.000e+01 0.000e+00
4.156e+02 1.030e+02 5.185e+02 1.308e+03 3.396e-02 0.000e+00 1.304e-03 0.000e+00 8.618e-02 0.000e+00 2.000e+01 0.000e+00
3.539e+02 8.900e+01 4.808e+02 1.308e+03 3.386e-02 0.000e+00 1.268e-03 0.000e+00 8.619e-02 0.000e+00 2.000e+01 0.000e+00
3.611e+02 1.030e+02 4.775e+02 1.308e+03 3.416e-02 0.000e+00 1.304e-03 0.000e+00 8.675e-02 0.000e+00 2.000e+01 0.000e+00
3.539e+02 8.900e+01 4.808e+02 1.308e+03 3.365e-02 0.000e+00 1.257e-03 0.000e+00 8.677e-02 0.000e+00 2.000e+01 0.000e+00
3.610e+02 1.030e+02 4.776e+02 1.308e+03 3.465e-02 0.000e+00 1.280e-03 0.000e+00 8.955e-02 0.000e+00 2.000e+01 0.000e+00
3.538e+02 8.900e+01 4.808e+02 1.308e+03 3.451e-02 0.000e+00 1.215e-03 0.000e+00 8.961e-02 0.000e+00 2.000e+01 0.000e+00
3.622e+02 1.030e+02 4.772e+02 1.308e+03 3.588e-02 0.000e+00 1.280e-03 0.000e+00 8.855e-02 0.000e+00 2.000e+01 0.000e+00
3.538e+02 8.900e+01 4.808e+02 1.308e+03 3.419e-02 0.000e+00 1.158e-03 0.000e+00 8.888e-02 0.000e+00 2.000e+01 0.000e+00
3.638e+02 1.030e+02 4.763e+02 1.308e+03 3.460e-02 0.000e+00 1.158e-03 0.000e+00 8.502e-02 0.000e+00 2.000e+01 0.000e+00
4.156e+02 1.030e+02 5.186e+02 1.308e+03 4.690e-02 0.000e+00 1.190e-03 0.000e+00 1.004e-01 0.000e+00 2.000e+01 0.000e+00
3.555e+02 1.030e+02 4.798e+02 1.308e+03 3.254e-02 0.000e+00 1.064e-03 0.000e+00 8.343e-02 0.000e+00 2.000e+01 0.000e+00
4.774e+02 1.595e+02 5.468e+02 1.308e+03 4.699e-02 0.000e+00 1.702e-03 0.000e+00 9.985e-02 0.000e+00 2.000e+01 0.000e+00
3.539e+02 8.900e+01 4.807e+02 1.308e+03 3.284e-02 0.000e+00 1.070e-03 0.000e+00 8.438e-02 0.000e+00 2.000e+01 0.000e+00
4.228e+02 1.595e+02 5.147e+02 1.308e+03 3.330e-02 0.000e+00 1.709e-03 0.000e+00 8.483e-02 0.000e+00 2.000e+01 0.000e+00
3.538e+02 8.900e+01 4.808e+02 1.308e+03 3.375e-02 0.000e+00 1.192e-03 0.000e+00 8.496e-02 0.000e+00 2.000e+01 0.000e+00
3.694e+02 1.595e+02 4.739e+02 1.308e+03 3.576e-02 0.000e+00 1.708e-03 0.000e+00 8.444e-02 0.000e+00 2.000e+01 0.000e+00
3.538e+02 8.900e+01 4.808e+02 1.308e+03 3.409e-02 0.000e+00 1.200e-03 0.000e+00 8.480e-02 0.000e+00 2.000e+01 0.000e+00
3.638e+02 1.030e+02 4.763e+02 1.308e+03 3.630e-02 0.000e+00 1.201e-03 0.000e+00 8.619e-02 0.000e+00 2.000e+01 0.000e+00
4.156e+02 1.030e+02 5.186e+02 1.308e+03 4.830e-02 0.000e+00 1.196e-03 0.000e+00 1.024e-01 0.000e+00 2.000e+01 0.000e+00
3.555e+02 1.030e+02 4.798e+02 1.308e+03 3.360e-02 0.000e+00 1.108e-03 0.000e+00 8.685e-02 0.000e+00 2.000e+01 0.000e+00
4.774e+02 1.595e+02 5.468e+02 1.308e+03 4.769e-02 0.000e+00 1.675e-03 0.000e+00 1.018e-01 0.000e+00 2.000e+01 0.000e+00
3.539e+02 8.900e+01 4.807e+02 1.308e+03 3.299e-02 0.000e+00 1.026e-03 0.000e+00 8.492e-02 0.000e+00 2.000e+01 0.000e+00
4.228e+02 1.595e+02 5.147e+02 1.308e+03 3.277e-02 0.000e+00 1.675e-03 0.000e+00 8.369e-02 0.000e+00 2.000e+01 0.000e+00
3.538e+02 8.900e+01 4.808e+02 1.308e+03 3.262e-02 0.000e+00 1.195e-03 0.000e+00 8.374e-02 0.000e+00 2.000e+01 0.000e+00
3.694e+02 1.595e+02 4.739e+02 1.308e+03 3.598e-02 0.000e+00 1.730e-03 0.000e+00 8.831e-02 0.000e+00 2.000e+01 0.000e+00
3.538e+02 8.900e+01 4.808e+02 1.308e+03 3.404e-02 0.000e+00 1.169e-03 0.000e+00 8.867e-02 0.000e+00 2.000e+01 0.000e+00
3.638e+02 1.030e+02 4.763e+02 1.308e+03 3.652e-02 0.000e+00 1.169e-03 0.000e+00 9.091e-02 0.000e+00 2.000e+01 0.000e+00
4.156e+02 1.030e+02 5.186e+02 1.308e+03 5.085e-02 0.000e+00 1.223e-03 0.000e+00 1.098e-01 0.000e+00 2.000e+01 0.000e+00
3.555e+02 1.030e+02 4.798e+02 1.308e+03 3.518e-02 0.000e+00 1.100e-03 0.000e+00 9.203e-02 0.000e+00 2.000e+01 0.000e+00
4.156e+02 1.030e+02 5.185e+02 1.308e+03 5.064e-02 0.000e+00 1.258e-03 0.000e+00 1.092e-01 0.000e+00 2.000e+01 0.000e+00
3.539e+02 8.900e+01 4.807e+02 1.308e+03 3.576e-02 0.000e+00 1.210e-03 0.000e+00 9.330e-02 0.000e+00 2.000e+01 0.000e+00
4.156e+02 1.030e+02 5.185e+02 1.308e+03 3.662e-02 0.000e+00 1.230e-03 0.000e+00 9.576e-02 0.000e+00 2.000e+01 0.000e+00
3.538e+02 8.900e+01 4.808e+02 1.308e+03 3.676e-02 0.000e+00 1.194e-03 0.000e+00 9.580e-02 0.000e+00 2.000e+01 0.000e+00
4.156e+02 1.030e+02 5.185e+02 1.308e+03 3.737e-02 0.000e+00 1.308e-03 0.000e+00 9.729e-02 0.000e+00 2.000e+01 0.000e+00
3.538e+02 8.900e+01 4.808e+02 1.308e+03 3.720e-02 0.000e+00 1.252e-03 0.000e+00 9.734e-02 0.000e+00 2.000e+01 0.000e+00
3.610e+02 1.030e+02 4.776e+02 1.308e+03 3.766e-02 0.000e+00 1.308e-03 0.000e+00 9.813e-02 0.000e+00 2.000e+01 0.000e+00
3.538e+02 8.900e+01 4.808e+02 1.308e+03 3.738e-02 0.000e+00 1.224e-03 0.000e+00 9.816e-02 0.000e+00 2.000e+01 0.000e+00
3.694e+02 1.595e+02 4.739e+02 1.308e+03 3.730e-02 0.000e+00 1.660e-03 0.000e+00 9.276e-02 0.000e+00 2.000e+01 0.000e+00
3.538e+02 8.900e+01 4.808e+02 1.308e+03 3.559e-02 0.000e+00 1.152e-03 0.000e+00 9.313e-02 0.000e+00 2.000e+01 0.000e+00
3.638e+02 1.030e+02 4.763e+02 1.308e+03 3.455e-02 0.000e+00 1.163e-03 0.000e+00 8.474e-02 0.000e+00 2.000e+01 0.000e+00
4.156e+02 1.030e+02 5.186e+02 1.308e+03 4.762e-02 0.000e+00 1.197e-03 0.000e+00 1.019e-01 0.000e+00 2.000e+01 0.000e+00
3.555e+02 1.030e+02 4.798e+02 1.308e+03 3.361e-02 0.000e+00 1.176e-03 0.000e+00 8.668e-02 0.000e+00 2.000e+01 0.000e+00
4.774e+02 1.595e+02 5.468e+02 1.308e+03 4.826e-02 0.000e+00 1.694e-03 0.000e+00 1.028e-01 0.000e+00 2.000e+01 0.000e+00
3.539e+02 8.900e+01 4.807e+02 1.308e+03 3.376e-02 0.000e+00 1.177e-03 0.000e+00 8.697e-02 0.000e+00 2.000e+01 0.000e+00
4.228e+02 1.595e+02 5.147e+02 1.308e+03 3.425e-02 0.000e+00 1.666e-03 0.000e+00 8.799e-02 0.000e+00 2.000e+01 0.000e+00
3.538e+02 8.900e+01 4.808e+02 1.308e+03 3.394e-02 0.000e+00 1.181e-03 0.000e+00 8.810e-02 0.000e+00 2.000e+01 0.000e+00
3.694e+02 1.595e+02 4.739e+02 1.308e+03 3.860e-02 0.000e+00 1.668e-03 0.000e+00 9.655e-02 0.000e+00 2.000e+01 0.000e+00
3.538e+02 8.900e+01 4.808e+02 1.308e+03 3.692e-02 0.000e+00 1.170e-03 0.000e+00 9.692e-02 0.000e+00 2.000e+01 0.000e+00
3.638e+02 1.030e+02 4.763e+02 1.308e+03 3.749e-02 0.000e+00 1.174e-03 0.000e+00 9.376e-02 0.000e+00 2.000e+01 0.000e+00
4.156e+02 1.030e+02 5.186e+02 1.308e+03 5.037e-02 0.000e+00 1.196e-03 0.000e+00 1.087e-01 0.000e+00 2.000e+01 0.000e+00
3.555e+02 1.030e+02 4.798e+02 1.308e+03 3.286e-02 0.000e+00 1.134e-03 0.000e+00 8.475e-02 0.000e+00 2.000e+01 0.000e+00
4.774e+02 1.595e+02 5.468e+02 1.308e+03 4.694e-02 0.000e+00 1.686e-03 0.000e+00 1.001e-01 0.000e+00 2.000e+01 0.000e+00
3.539e+02 8.900e+01 4.807e+02 1.308e+03 3.282e-02 0.000e+00 1.133e-03 0.000e+00 8.485e-02 0.000e+00 2.000e+01 0.000e+00
4.228e+02 1.595e+02 5.147e+02 1.308e+03 3.256e-02 0.000e+00 1.660e-03 0.000e+00 8.367e-02 0.000e+00 2.000e+01 0.000e+00
3.538e+02 8.900e+01 4.808e+02 1.308e+03 3.238e-02 0.000e+00 1.163e-03 0.000e+00 8.373e-02 0.000e+00 2.000e+01 0.000e+00
3.694e+02 1.595e+02 4.739e+02 1.308e+03 3.388e-02 0.000e+00 1.692e-03 0.000e+00 8.290e-02 0.000e+00 2.000e+01 0.000e+00
3.538e+02 8.900e+01 4.808e+02 1.308e+03 3.217e-02 0.000e+00 1.151e-03 0.000e+00 8.324e-02 0.000e+00 2.000e+01 0.000e+00
3.638e+02 1.030e+02 4.763e+02 1.308e+03 3.402e-02 0.000e+00 1.184e-03 0.000e+00 8.372e-02 0.000e+00 2.000e+01 0.000e+00
4.156e+02 1.030e+02 5.186e+02 1.308e+03 4.633e-02 0.000e+00 1.231e-03 0.000e+00 9.914e-02 0.000e+00 2.000e+01 0.000e+00
3.555e+02 1.030e+02 4.798e+02 1.308e+03 3.249e-02 0.000e+00 1.176e-03 0.000e+00 8.402e-02 0.000e+00 2.000e+01 0.000e+00
4.774e+02 1.595e+02 5.468e+02 1.308e+03 4.651e-02 0.000e+00 1.697e-03 0.000e+00 9.918e-02 0.000e+00 2.000e+01 0.000e+00
3.539e+02 8.900e+01 4.807e+02 1.308e+03 3.208e-02 0.000e+00 1.220e-03 0.000e+00 8.263e-02 0.000e+00 2.000e+01 0.000e+00
4.228e+02 1.595e+02 5.147e+02 1.308e+03 3.259e-02 0.000e+00 1.727e-03 0.000e+00 8.364e-02 0.000e+00 2.000e+01 0.000e+00
3.538e+02 8.900e+01 4.808e+02 1.308e+03 3.244e-02 0.000e+00 1.214e-03 0.000e+00 8.370e-02 0.000e+00 2.000e+01 0.000e+00
3.694e+02 1.595e+02 4.739e+02 1.308e+03 3.413e-02 0.000e+00 1.727e-03 0.000e+00 8.332e-02 0.000e+00 2.000e+01 0.000e+00
3.538e+02 8.900e+01 4.808e+02 1.308e+03 3.245e-02 0.000e+00 1.189e-03 0.000e+00 8.367e-02 0.000e+00 2.000e+01 0.000e+00
3.638e+02 1.030e+02 4.763e+02 1.308e+03 3.364e-02 0.000e+00 1.178e-03 0.000e+00 8.231e-02 0.000e+00 2.000e+01 0.000e+00
4.156e+02 1.030e+02 5.186e+02 1.308e+03 4.610e-02 0.000e+00 1.201e-03 0.000e+00 9.851e-02 0.000e+00 2.000e+01 0.000e+00
3.555e+02 1.030e+02 4.798e+02 1.308e+03 3.239e-02 0.000e+00 1.055e-03 0.000e+00 8.314e-02 0.000e+00 2.000e+01 0.000e+00
4.774e+02 1.595e+02 5.468e+02 1.308e+03 4.675e-02 0.000e+00 1.719e-03 0.000e+00 9.936e-02 0.000e+00 2.000e+01 0.000e+00
3.539e+02 8.900e+01 4.807e+02 1.308e+03 3.279e-02 0.000e+00 1.063e-03 0.000e+00 8.437e-02 0.000e+00 2.000e+01 0.000e+00
4.228e+02 1.595e+02 5.147e+02 1.308e+03 3.280e-02 0.000e+00 1.747e-03 0.000e+00 8.352e-02 0.000e+00 2.000e+01 0.000e+00
3.538e+02 8.900e+01 4.808e+02 1.308e+03 3.245e-02 0.000e+00 1.225e-03 0.000e+00 8.358e-02 0.000e+00 2.000e+01 0.000e+00
3.694e+02 1.595e+02 4.739e+02 1.308e+03 3.367e-02 0.000e+00 1.742e-03 0.000e+00 8.154e-02 0.000e+00 2.000e+01 0.000e+00
3.538e+02 8.900e+01 4.808e+02 1.308e+03 3.204e-02 0.000e+00 1.225e-03 0.000e+00 8.187e-02 0.000e+00 2.000e+01 0.000e+00
3.638e+02 1.030e+02 4.763e+02 1.308e+03 3.439e-02 0.000e+00 1.236e-03 0.000e+00 8.214e-02 0.000e+00 2.000e+01 0.000e+00
4.156e+02 1.030e+02 5.186e+02 1.308e+03 4.972e-02 0.000e+00 1.700e-03 0.000e+00 1.043e-01 0.000e+00 2.000e+01 0.000e+00
3.555e+02 1.030e+02 4.798e+02 1.308e+03 3.593e-02 0.000e+00 1.203e-03 0.000e+00 9.101e-02 0.000e+00 2.000e+01 0.000e+00
4.774e+02 1.595e+02 5.468e+02 1.308e+03 5.155e-02 0.000e+00 2.146e-03 0.000e+00 1.086e-01 0.000e+00 2.000e+01 0.000e+00
3.539e+02 8.900e+01 4.807e+02 1.308e+03 3.683e-02 0.000e+00 1.161e-03 0.000e+00 9.550e-02 0.000e+00 2.000e+01 0.000e+00
4.228e+02 1.595e+02 5.147e+02 1.308e+03 3.385e-02 0.000e+00 1.635e-03 0.000e+00 8.772e-02 0.000e+00 2.000e+01 0.000e+00
3.538e+02 8.900e+01 4.808e+02 1.308e+03 3.374e-02 0.000e+00 1.137e-03 0.000e+00 8.778e-02 0.000e+00 2.000e+01 0.000e+00
3.694e+02 1.595e+02 4.739e+02 1.308e+03 3.468e-02 0.000e+00 1.672e-03 0.000e+00 8.482e-02 0.000e+00 2.000e+01 0.000e+00
3.538e+02 8.900e+01 4.808e+02 1.308e+03 3.301e-02 0.000e+00 1.163e-03 0.000e+00 8.516e-02 0.000e+00 2.000e+01 0.000e+00
3.638e+02 1.030e+02 4.763e+02 1.308e+03 3.612e-02 0.000e+00 1.209e-03 0.000e+00 8.836e-02 0.000e+00 2.000e+01 0.000e+00
4.156e+02 1.030e+02 5.186e+02 1.308e+03 4.889e-02 0.000e+00 1.216e-03 0.000e+00 1.041e-01 0.000e+00 2.000e+01 0.000e+00
3.555e+02 1.030e+02 4.798e+02 1.308e+03 3.406e-02 0.000e+00 1.184e-03 0.000e+00 8.769e-02 0.000e+00 2.000e+01 0.000e+00
