2.178e+02 7.750e+01 3.663e+02 1.308e+03 2.712e-03 0.000e+00 9.383e-04 0.000e+00 7.028e-03 7.200e+01 1.308e+03 0.000e+00 2.000e+01 0.000e+00
7.755e+01 7.300e+01 1.015e+01 1.034e+02 8.628e-04 0.000e+00 8.489e-04 0.000e+00 3.082e-04 7.200e+01 1.100e+02 0.000e+00 2.000e+01 0.000e+00
7.680e+01 7.300e+01 8.298e+00 8.150e+01 8.233e-04 0.000e+00 8.333e-04 0.000e+00 2.759e-04 7.200e+01 1.100e+02 0.000e+00 2.000e+01 0.000e+00
7.545e+01 7.300e+01 3.339e+00 8.000e+01 8.404e-04 0.000e+00 8.333e-04 0.000e+00 2.723e-04 7.300e+01 8.000e+01 0.000e+00 2.000e+01 0.000e+00
7.510e+01 7.300e+01 3.208e+00 8.000e+01 8.395e-04 0.000e+00 8.577e-04 0.000e+00 2.759e-04 7.300e+01 8.000e+01 0.000e+00 2.000e+01 0.000e+00
7.545e+01 7.300e+01 3.339e+00 8.000e+01 8.053e-04 0.000e+00 7.662e-04 0.000e+00 2.794e-04 7.300e+01 8.000e+01 0.000e+00 2.000e+01 0.000e+00
7.545e+01 7.300e+01 3.339e+00 8.000e+01 8.371e-04 0.000e+00 8.254e-04 0.000e+00 2.770e-04 7.300e+01 8.000e+01 0.000e+00 2.000e+01 0.000e+00
7.515e+01 7.300e+01 3.291e+00 8.005e+01 8.216e-04 0.000e+00 7.532e-04 0.000e+00 2.943e-04 7.300e+01 8.100e+01 0.000e+00 2.000e+01 0.000e+00
7.560e+01 7.300e+01 3.555e+00 8.100e+01 7.812e-04 0.000e+00 7.410e-04 0.000e+00 2.901e-04 7.300e+01 8.100e+01 0.000e+00 2.000e+01 0.000e+00
7.570e+01 7.300e+01 3.689e+00 8.100e+01 8.608e-04 0.000e+00 8.789e-04 0.000e+00 2.767e-04 7.300e+01 8.100e+01 0.000e+00 2.000e+01 0.000e+00
7.540e+01 7.300e+01 3.666e+00 8.100e+01 8.563e-04 0.000e+00 8.789e-04 0.000e+00 2.825e-04 7.300e+01 8.100e+01 0.000e+00 2.000e+01 0.000e+00
7.580e+01 7.300e+01 3.816e+00 8.100e+01 8.306e-04 0.000e+00 8.448e-04 0.000e+00 2.796e-04 7.300e+01 8.100e+01 0.000e+00 2.000e+01 0.000e+00
7.535e+01 7.300e+01 3.705e+00 8.100e+01 8.313e-04 0.000e+00 8.731e-04 0.000e+00 3.039e-04 7.200e+01 8.100e+01 0.000e+00 2.000e+01 0.000e+00
7.535e+01 7.300e+01 3.705e+00 8.100e+01 7.639e-04 0.000e+00 7.640e-04 0.000e+00 3.074e-04 7.200e+01 8.100e+01 0.000e+00 2.000e+01 0.000e+00
7.575e+01 7.300e+01 3.858e+00 8.100e+01 7.557e-04 0.000e+00 7.011e-04 0.000e+00 3.031e-04 7.200e+01 8.100e+01 0.000e+00 2.000e+01 0.000e+00
7.535e+01 7.300e+01 3.705e+00 8.100e+01 7.798e-04 0.000e+00 7.114e-04 0.000e+00 3.096e-04 7.200e+01 8.100e+01 0.000e+00 2.000e+01 0.000e+00
7.615e+01 7.300e+01 4.531e+00 8.135e+01 8.584e-04 0.000e+00 7.114e-04 0.000e+00 3.263e-04 7.300e+01 8.800e+01 0.000e+00 2.000e+01 0.000e+00
7.655e+01 7.300e+01 5.094e+00 8.800e+01 9.364e-04 0.000e+00 1.141e-03 0.000e+00 3.834e-04 7.300e+01 8.800e+01 0.000e+00 2.000e+01 0.000e+00
7.655e+01 7.300e+01 5.094e+00 8.800e+01 9.199e-04 0.000e+00 9.929e-04 0.000e+00 3.835e-04 7.300e+01 8.800e+01 0.000e+00 2.000e+01 0.000e+00
7.695e+01 7.300e+01 5.113e+00 8.800e+01 9.408e-04 0.000e+00 1.022e-03 0.000e+00 3.696e-04 7.300e+01 8.800e+01 0.000e+00 2.000e+01 0.000e+00
7.620e+01 7.300e+01 4.501e+00 8.135e+01 9.272e-04 0.000e+00 1.022e-03 0.000e+00 3.359e-04 7.300e+01 8.800e+01 0.000e+00 2.000e+01 0.000e+00
7.580e+01 7.300e+01 3.816e+00 8.100e+01 8.686e-04 0.000e+00 8.563e-04 0.000e+00 2.425e-04 7.300e+01 8.100e+01 0.000e+00 2.000e+01 0.000e+00
7.580e+01 7.300e+01 3.816e+00 8.100e+01 9.057e-04 0.000e+00 8.527e-04 0.000e+00 2.269e-04 7.300e+01 8.100e+01 0.000e+00 2.000e+01 0.000e+00
7.540e+01 7.300e+01 3.666e+00 8.100e+01 9.356e-04 0.000e+00 9.174e-04 0.000e+00 2.184e-04 7.300e+01 8.100e+01 0.000e+00 2.000e+01 0.000e+00
7.580e+01 7.300e+01 3.816e+00 8.100e+01 8.991e-04 0.000e+00 8.665e-04 0.000e+00 2.121e-04 7.300e+01 8.100e+01 0.000e+00 2.000e+01 0.000e+00
7.580e+01 7.300e+01 3.816e+00 8.100e+01 9.150e-04 0.000e+00 8.665e-04 0.000e+00 2.227e-04 7.300e+01 8.100e+01 0.000e+00 2.000e+01 0.000e+00
7.535e+01 7.300e+01 3.705e+00 8.100e+01 8.620e-04 0.000e+00 8.165e-04 0.000e+00 2.488e-04 7.200e+01 8.100e+01 0.000e+00 2.000e+01 0.000e+00
7.575e+01 7.300e+01 3.858e+00 8.100e+01 8.201e-04 0.000e+00 7.691e-04 0.000e+00 2.279e-04 7.200e+01 8.100e+01 0.000e+00 2.000e+01 0.000e+00
7.535e+01 7.300e+01 3.705e+00 8.100e+01 8.293e-04 0.000e+00 7.627e-04 0.000e+00 2.397e-04 7.200e+01 8.100e+01 0.000e+00 2.000e+01 0.000e+00
7.535e+01 7.300e+01 3.705e+00 8.100e+01 8.116e-04 0.000e+00 7.442e-04 0.000e+00 2.247e-04 7.200e+01 8.100e+01 0.000e+00 2.000e+01 0.000e+00
7.580e+01 7.300e+01 3.816e+00 8.100e+01 8.619e-04 0.000e+00 7.877e-04 0.000e+00 2.010e-04 7.300e+01 8.100e+01 0.000e+00 2.000e+01 0.000e+00
7.545e+01 7.300e+01 3.640e+00 8.100e+01 8.927e-04 0.000e+00 8.516e-04 0.000e+00 2.967e-04 7.300e+01 8.100e+01 0.000e+00 2.000e+01 0.000e+00
7.585e+01 7.300e+01 3.785e+00 8.100e+01 8.886e-04 0.000e+00 9.276e-04 0.000e+00 3.549e-04 7.300e+01 8.100e+01 0.000e+00 2.000e+01 0.000e+00
7.585e+01 7.300e+01 3.785e+00 8.100e+01 9.150e-04 0.000e+00 1.023e-03 0.000e+00 3.521e-04 7.300e+01 8.100e+01 0.000e+00 2.000e+01 0.000e+00
7.545e+01 7.300e+01 3.640e+00 8.100e+01 9.077e-04 0.000e+00 1.023e-03 0.000e+00 3.594e-04 7.300e+01 8.100e+01 0.000e+00 2.000e+01 0.000e+00
7.580e+01 7.300e+01 3.816e+00 8.100e+01 8.714e-04 0.000e+00 8.059e-04 0.000e+00 2.901e-04 7.300e+01 8.100e+01 0.000e+00 2.000e+01 0.000e+00
7.580e+01 7.300e+01 3.816e+00 8.100e+01 8.869e-04 0.000e+00 8.059e-04 0.000e+00 2.060e-04 7.300e+01 8.100e+01 0.000e+00 2.000e+01 0.000e+00
7.540e+01 7.300e+01 3.666e+00 8.100e+01 8.862e-04 0.000e+00 7.842e-04 0.000e+00 2.102e-04 7.300e+01 8.100e+01 0.000e+00 2.000e+01 0.000e+00
7.580e+01 7.300e+01 3.816e+00 8.100e+01 8.909e-04 0.000e+00 8.245e-04 0.000e+00 1.884e-04 7.300e+01 8.100e+01 0.000e+00 2.000e+01 0.000e+00
7.580e+01 7.300e+01 3.816e+00 8.100e+01 9.126e-04 0.000e+00 8.341e-04 0.000e+00 1.937e-04 7.300e+01 8.100e+01 0.000e+00 2.000e+01 0.000e+00
7.540e+01 7.300e+01 3.666e+00 8.100e+01 8.987e-04 0.000e+00 7.976e-04 0.000e+00 2.053e-04 7.300e+01 8.100e+01 0.000e+00 2.000e+01 0.000e+00
7.580e+01 7.300e+01 3.816e+00 8.100e+01 8.655e-04 0.000e+00 7.635e-04 0.000e+00 2.082e-04 7.300e+01 8.100e+01 0.000e+00 2.000e+01 0.000e+00
7.580e+01 7.300e+01 3.816e+00 8.100e+01 8.567e-04 0.000e+00 7.428e-04 0.000e+00 2.319e-04 7.300e+01 8.100e+01 0.000e+00 2.000e+01 0.000e+00
7.540e+01 7.300e+01 3.666e+00 8.100e+01 8.415e-04 0.000e+00 7.323e-04 0.000e+00 2.290e-04 7.300e+01 8.100e+01 0.000e+00 2.000e+01 0.000e+00
7.580e+01 7.300e+01 3.816e+00 8.100e+01 8.405e-04 0.000e+00 7.596e-04 0.000e+00 2.131e-04 7.300e+01 8.100e+01 0.000e+00 2.000e+01 0.000e+00
7.540e+01 7.300e+01 3.666e+00 8.100e+01 8.987e-04 0.000e+00 8.062e-04 0.000e+00 2.397e-04 7.300e+01 8.100e+01 0.000e+00 2.000e+01 0.000e+00
7.540e+01 7.300e+01 3.666e+00 8.100e+01 9.728e-04 0.000e+00 8.754e-04 0.000e+00 4.566e-04 7.300e+01 8.100e+01 0.000e+00 2.000e+01 0.000e+00
7.580e+01 7.300e+01 3.816e+00 8.100e+01 1.000e-03 0.000e+00 9.404e-04 0.000e+00 4.491e-04 7.300e+01 8.100e+01 0.000e+00 2.000e+01 0.000e+00
7.580e+01 7.300e+01 3.816e+00 8.100e+01 1.015e-03 0.000e+00 1.063e-03 0.000e+00 4.513e-04 7.300e+01 8.100e+01 0.000e+00 2.000e+01 0.000e+00
7.580e+01 7.300e+01 3.816e+00 8.100e+01 9.825e-04 0.000e+00 9.141e-04 0.000e+00 4.478e-04 7.300e+01 8.100e+01 0.000e+00 2.000e+01 0.000e+00
7.580e+01 7.300e+01 3.816e+00 8.100e+01 8.981e-04 0.000e+00 7.960e-04 0.000e+00 2.111e-04 7.300e+01 8.100e+01 0.000e+00 2.000e+01 0.000e+00
7.580e+01 7.300e+01 3.816e+00 8.100e+01 9.103e-04 0.000e+00 8.348e-04 0.000e+00 2.077e-04 7.300e+01 8.100e+01 0.000e+00 2.000e+01 0.000e+00
7.540e+01 7.300e+01 3.666e+00 8.100e+01 9.080e-04 0.000e+00 8.265e-04 0.000e+00 2.092e-04 7.300e+01 8.100e+01 0.000e+00 2.000e+01 0.000e+00
7.580e+01 7.300e+01 3.816e+00 8.100e+01 9.011e-04 0.000e+00 8.478e-04 0.000e+00 1.949e-04 7.300e+01 8.100e+01 0.000e+00 2.000e+01 0.000e+00
7.580e+01 7.300e+01 3.816e+00 8.100e+01 9.266e-04 0.000e+00 8.903e-04 0.000e+00 1.970e-04 7.300e+01 8.100e+01 0.000e+00 2.000e+01 0.000e+00
7.535e+01 7.300e+01 3.705e+00 8.100e+01 8.845e-04 0.000e+00 8.091e-04 0.000e+00 1.956e-04 7.200e+01 8.100e+01 0.000e+00 2.000e+01 0.000e+00
7.575e+01 7.300e+01 3.858e+00 8.100e+01 8.594e-04 0.000e+00 7.938e-04 0.000e+00 2.072e-04 7.200e+01 8.100e+01 0.000e+00 2.000e+01 0.000e+00
7.535e+01 7.300e+01 3.705e+00 8.100e+01 8.695e-04 0.000e+00 8.138e-04 0.000e+00 2.159e-04 7.200e+01 8.100e+01 0.000e+00 2.000e+01 0.000e+00
7.535e+01 7.300e+01 3.705e+00 8.100e+01 8.715e-04 0.000e+00 8.552e-04 0.000e+00 2.065e-04 7.200e+01 8.100e+01 0.000e+00 2.000e+01 0.000e+00
7.580e+01 7.300e+01 3.816e+00 8.100e+01 8.857e-04 0.000e+00 8.552e-04 0.000e+00 2.180e-04 7.300e+01 8.100e+01 0.000e+00 2.000e+01 0.000e+00
7.540e+01 7.300e+01 3.666e+00 8.100e+01 9.222e-04 0.000e+00 8.862e-04 0.000e+00 1.989e-04 7.300e+01 8.100e+01 0.000e+00 2.000e+01 0.000e+00
7.580e+01 7.300e+01 3.816e+00 8.100e+01 8.985e-04 0.000e+00 8.348e-04 0.000e+00 2.067e-04 7.300e+01 8.100e+01 0.000e+00 2.000e+01 0.000e+00
7.545e+01 7.300e+01 3.640e+00 8.100e+01 9.555e-04 0.000e+00 8.658e-04 0.000e+00 2.748e-04 7.300e+01 8.100e+01 0.000e+00 2.000e+01 0.000e+00
7.645e+01 7.300e+01 4.873e+00 8.700e+01 1.020e-03 0.000e+00 1.051e-03 0.000e+00 3.246e-04 7.300e+01 8.700e+01 0.000e+00 2.000e+01 0.000e+00
7.750e+01 7.300e+01 5.766e+00 8.705e+01 1.144e-03 0.000e+00 1.190e-03 0.000e+00 3.609e-04 7.300e+01 8.800e+01 0.000e+00 2.000e+01 0.000e+00
7.780e+01 7.300e+01 6.088e+00 8.705e+01 1.245e-03 0.000e+00 1.245e-03 0.000e+00 3.559e-04 7.300e+01 8.800e+01 0.000e+00 2.000e+01 0.000e+00
7.820e+01 7.350e+01 6.022e+00 8.705e+01 1.208e-03 0.000e+00 1.248e-03 0.000e+00 4.071e-04 7.300e+01 8.800e+01 0.000e+00 2.000e+01 0.000e+00
7.750e+01 7.300e+01 5.766e+00 8.705e+01 1.188e-03 0.000e+00 1.248e-03 0.000e+00 4.519e-04 7.300e+01 8.800e+01 0.000e+00 2.000e+01 0.000e+00
7.690e+01 7.350e+01 4.867e+00 8.700e+01 1.080e-03 0.000e+00 1.167e-03 0.000e+00 4.817e-04 7.300e+01 8.700e+01 0.000e+00 2.000e+01 0.000e+00
7.625e+01 7.350e+01 4.311e+00 8.130e+01 1.021e-03 0.000e+00 1.159e-03 0.000e+00 5.409e-04 7.300e+01 8.700e+01 0.000e+00 2.000e+01 0.000e+00
7.625e+01 7.350e+01 4.311e+00 8.130e+01 9.998e-04 0.000e+00 1.159e-03 0.000e+00 5.588e-04 7.300e+01 8.700e+01 0.000e+00 2.000e+01 0.000e+00
7.595e+01 7.350e+01 3.721e+00 8.100e+01 9.833e-04 0.000e+00 1.135e-03 0.000e+00 5.076e-04 7.300e+01 8.100e+01 0.000e+00 2.000e+01 0.000e+00
7.550e+01 7.300e+01 3.612e+00 8.100e+01 9.477e-04 0.000e+00 1.047e-03 0.000e+00 4.641e-04 7.300e+01 8.100e+01 0.000e+00 2.000e+01 0.000e+00
7.590e+01 7.300e+01 3.754e+00 8.100e+01 9.866e-04 0.000e+00 9.401e-04 0.000e+00 3.891e-04 7.300e+01 8.100e+01 0.000e+00 2.000e+01 0.000e+00
7.585e+01 7.300e+01 3.785e+00 8.100e+01 9.672e-04 0.000e+00 8.792e-04 0.000e+00 3.147e-04 7.300e+01 8.100e+01 0.000e+00 2.000e+01 0.000e+00
7.545e+01 7.300e+01 3.640e+00 8.100e+01 9.201e-04 0.000e+00 8.451e-04 0.000e+00 3.160e-04 7.300e+01 8.100e+01 0.000e+00 2.000e+01 0.000e+00
7.585e+01 7.300e+01 3.785e+00 8.100e+01 9.121e-04 0.000e+00 8.631e-04 0.000e+00 3.124e-04 7.300e+01 8.100e+01 0.000e+00 2.000e+01 0.000e+00
7.580e+01 7.300e+01 3.816e+00 8.100e+01 8.533e-04 0.000e+00 7.963e-04 0.000e+00 2.435e-04 7.300e+01 8.100e+01 0.000e+00 2.000e+01 0.000e+00
7.540e+01 7.300e+01 3.666e+00 8.100e+01 8.401e-04 0.000e+00 7.950e-04 0.000e+00 2.513e-04 7.300e+01 8.100e+01 0.000e+00 2.000e+01 0.000e+00
7.580e+01 7.300e+01 3.816e+00 8.100e+01 8.183e-04 0.000e+00 7.174e-04 0.000e+00 2.436e-04 7.300e+01 8.100e+01 0.000e+00 2.000e+01 0.000e+00
7.545e+01 7.300e+01 3.640e+00 8.100e+01 8.695e-04 0.000e+00 7.461e-04 0.000e+00 3.055e-04 7.300e+01 8.100e+01 0.000e+00 2.000e+01 0.000e+00
7.545e+01 7.300e+01 3.640e+00 8.100e+01 8.780e-04 0.000e+00 7.461e-04 0.000e+00 3.572e-04 7.300e+01 8.100e+01 0.000e+00 2.000e+01 0.000e+00
7.585e+01 7.300e+01 3.785e+00 8.100e+01 8.585e-04 0.000e+00 7.428e-04 0.000e+00 3.505e-04 7.300e+01 8.100e+01 0.000e+00 2.000e+01 0.000e+00
7.585e+01 7.300e+01 3.785e+00 8.100e+01 8.940e-04 0.000e+00 8.204e-04 0.000e+00 3.555e-04 7.300e+01 8.100e+01 0.000e+00 2.000e+01 0.000e+00
7.580e+01 7.300e+01 3.816e+00 8.100e+01 8.871e-04 0.000e+00 9.403e-04 0.000e+00 3.075e-04 7.300e+01 8.100e+01 0.000e+00 2.000e+01 0.000e+00
7.580e+01 7.300e+01 3.816e+00 8.100e+01 8.422e-04 0.000e+00 8.456e-04 0.000e+00 2.455e-04 7.300e+01 8.100e+01 0.000e+00 2.000e+01 0.000e+00
7.580e+01 7.300e+01 3.816e+00 8.100e+01 8.729e-04 0.000e+00 9.091e-04 0.000e+00 2.481e-04 7.300e+01 8.100e+01 0.000e+00 2.000e+01 0.000e+00
7.540e+01 7.300e+01 3.666e+00 8.100e+01 8.635e-04 0.000e+00 8.692e-04 0.000e+00 2.395e-04 7.300e+01 8.100e+01 0.000e+00 2.000e+01 0.000e+00
7.580e+01 7.300e+01 3.816e+00 8.100e+01 8.041e-04 0.000e+00 7.389e-04 0.000e+00 2.341e-04 7.300e+01 8.100e+01 0.000e+00 2.000e+01 0.000e+00
7.580e+01 7.300e+01 3.816e+00 8.100e+01 8.348e-04 0.000e+00 7.404e-04 0.000e+00 2.372e-04 7.300e+01 8.100e+01 0.000e+00 2.000e+01 0.000e+00
7.540e+01 7.300e+01 3.666e+00 8.100e+01 8.423e-04 0.000e+00 7.404e-04 0.000e+00 2.303e-04 7.300e+01 8.100e+01 0.000e+00 2.000e+01 0.000e+00
7.580e+01 7.300e+01 3.816e+00 8.100e+01 8.458e-04 0.000e+00 7.588e-04 0.000e+00 2.227e-04 7.300e+01 8.100e+01 0.000e+00 2.000e+01 0.000e+00
7.585e+01 7.300e+01 3.785e+00 8.100e+01 8.958e-04 0.000e+00 9.285e-04 0.000e+00 3.134e-04 7.300e+01 8.100e+01 0.000e+00 2.000e+01 0.000e+00
7.545e+01 7.300e+01 3.640e+00 8.100e+01 9.043e-04 0.000e+00 9.522e-04 0.000e+00 3.044e-04 7.300e+01 8.100e+01 0.000e+00 2.000e+01 0.000e+00
7.590e+01 7.300e+01 3.754e+00 8.100e+01 8.777e-04 0.000e+00 9.522e-04 0.000e+00 3.447e-04 7.300e+01 8.100e+01 0.000e+00 2.000e+01 0.000e+00
7.620e+01 7.300e+01 4.343e+00 8.130e+01 9.219e-04 0.000e+00 1.094e-03 0.000e+00 4.135e-04 7.300e+01 8.700e+01 0.000e+00 2.000e+01 0.000e+00
7.615e+01 7.300e+01 4.373e+00 8.130e+01 9.325e-04 0.000e+00 1.091e-03 0.000e+00 4.224e-04 7.300e+01 8.700e+01 0.000e+00 2.000e+01 0.000e+00
7.620e+01 7.300e+01 4.343e+00 8.130e+01 9.180e-04 0.000e+00 1.091e-03 0.000e+00 5.194e-04 7.300e+01 8.700e+01 0.000e+00 2.000e+01 0.000e+00
7.615e+01 7.300e+01 4.373e+00 8.130e+01 9.334e-04 0.000e+00 1.091e-03 0.000e+00 5.519e-04 7.300e+01 8.700e+01 0.000e+00 2.000e+01 0.000e+00
7.620e+01 7.300e+01 4.343e+00 8.130e+01 9.308e-04 0.000e+00 1.114e-03 0.000e+00 5.466e-04 7.300e+01 8.700e+01 0.000e+00 2.000e+01 0.000e+00
7.625e+01 7.350e+01 4.311e+00 8.130e+01 9.319e-04 0.000e+00 1.103e-03 0.000e+00 5.514e-04 7.300e+01 8.700e+01 0.000e+00 2.000e+01 0.000e+00
7.620e+01 7.300e+01 4.343e+00 8.130e+01 9.508e-04 0.000e+00 1.103e-03 0.000e+00 4.620e-04 7.300e+01 8.700e+01 0.000e+00 2.000e+01 0.000e+00
7.620e+01 7.300e+01 4.343e+00 8.130e+01 9.667e-04 0.000e+00 1.025e-03 0.000e+00 3.750e-04 7.300e+01 8.700e+01 0.000e+00 2.000e+01 0.000e+00
7.585e+01 7.300e+01 3.785e+00 8.100e+01 9.409e-04 0.000e+00 8.888e-04 0.000e+00 3.079e-04 7.300e+01 8.100e+01 0.000e+00 2.000e+01 0.000e+00
7.540e+01 7.300e+01 3.666e+00 8.100e+01 9.279e-04 0.000e+00 8.496e-04 0.000e+00 1.919e-04 7.300e+01 8.100e+01 0.000e+00 2.000e+01 0.000e+00
7.580e+01 7.300e+01 3.816e+00 8.100e+01 8.988e-04 0.000e+00 8.366e-04 0.000e+00 1.937e-04 7.300e+01 8.100e+01 0.000e+00 2.000e+01 0.000e+00
7.580e+01 7.300e+01 3.816e+00 8.100e+01 9.058e-04 0.000e+00 8.312e-04 0.000e+00 2.088e-04 7.300e+01 8.100e+01 0.000e+00 2.000e+01 0.000e+00
7.540e+01 7.300e+01 3.666e+00 8.100e+01 9.028e-04 0.000e+00 8.328e-04 0.000e+00 2.158e-04 7.300e+01 8.100e+01 0.000e+00 2.000e+01 0.000e+00
7.580e+01 7.300e+01 3.816e+00 8.100e+01 8.621e-04 0.000e+00 8.142e-04 0.000e+00 2.120e-04 7.300e+01 8.100e+01 0.000e+00 2.000e+01 0.000e+00
7.580e+01 7.300e+01 3.816e+00 8.100e+01 8.952e-04 0.000e+00 8.501e-04 0.000e+00 2.844e-04 7.300e+01 8.100e+01 0.000e+00 2.000e+01 0.000e+00
7.540e+01 7.300e+01 3.666e+00 8.100e+01 8.698e-04 0.000e+00 9.266e-04 0.000e+00 4.043e-04 7.300e+01 8.100e+01 0.000e+00 2.000e+01 0.000e+00
7.610e+01 7.300e+01 4.403e+00 8.130e+01 9.177e-04 0.000e+00 1.080e-03 0.000e+00 4.822e-04 7.300e+01 8.700e+01 0.000e+00 2.000e+01 0.000e+00
7.635e+01 7.300e+01 4.942e+00 8.700e+01 9.021e-04 0.000e+00 1.080e-03 0.000e+00 5.293e-04 7.200e+01 8.700e+01 0.000e+00 2.000e+01 0.000e+00
7.635e+01 7.300e+01 4.942e+00 8.700e+01 9.176e-04 0.000e+00 1.076e-03 0.000e+00 5.410e-04 7.200e+01 8.700e+01 0.000e+00 2.000e+01 0.000e+00
7.640e+01 7.300e+01 4.913e+00 8.700e+01 9.508e-04 0.000e+00 1.129e-03 0.000e+00 5.399e-04 7.200e+01 8.700e+01 0.000e+00 2.000e+01 0.000e+00
7.640e+01 7.300e+01 4.913e+00 8.700e+01 9.488e-04 0.000e+00 1.095e-03 0.000e+00 4.905e-04 7.200e+01 8.700e+01 0.000e+00 2.000e+01 0.000e+00
7.615e+01 7.300e+01 4.373e+00 8.130e+01 9.646e-04 0.000e+00 1.080e-03 0.000e+00 4.356e-04 7.300e+01 8.700e+01 0.000e+00 2.000e+01 0.000e+00
7.615e+01 7.300e+01 4.373e+00 8.130e+01 9.456e-04 0.000e+00 8.907e-04 0.000e+00 3.769e-04 7.300e+01 8.700e+01 0.000e+00 2.000e+01 0.000e+00
7.610e+01 7.300e+01 4.403e+00 8.130e+01 9.436e-04 0.000e+00 8.782e-04 0.000e+00 2.349e-04 7.300e+01 8.700e+01 0.000e+00 2.000e+01 0.000e+00
7.580e+01 7.300e+01 3.816e+00 8.100e+01 8.722e-04 0.000e+00 7.918e-04 0.000e+00 1.933e-04 7.300e+01 8.100e+01 0.000e+00 2.000e+01 0.000e+00
7.580e+01 7.300e+01 3.816e+00 8.100e+01 8.981e-04 0.000e+00 8.000e-04 0.000e+00 1.967e-04 7.300e+01 8.100e+01 0.000e+00 2.000e+01 0.000e+00
7.540e+01 7.300e+01 3.666e+00 8.100e+01 9.080e-04 0.000e+00 8.388e-04 0.000e+00 1.987e-04 7.300e+01 8.100e+01 0.000e+00 2.000e+01 0.000e+00
7.580e+01 7.300e+01 3.816e+00 8.100e+01 8.821e-04 0.000e+00 7.842e-04 0.000e+00 1.976e-04 7.300e+01 8.100e+01 0.000e+00 2.000e+01 0.000e+00
7.580e+01 7.300e+01 3.816e+00 8.100e+01 9.114e-04 0.000e+00 8.551e-04 0.000e+00 1.937e-04 7.300e+01 8.100e+01 0.000e+00 2.000e+01 0.000e+00
7.540e+01 7.300e+01 3.666e+00 8.100e+01 9.136e-04 0.000e+00 8.551e-04 0.000e+00 1.957e-04 7.300e+01 8.100e+01 0.000e+00 2.000e+01 0.000e+00
7.580e+01 7.300e+01 3.816e+00 8.100e+01 8.955e-04 0.000e+00 8.601e-04 0.000e+00 1.882e-04 7.300e+01 8.100e+01 0.000e+00 2.000e+01 0.000e+00
7.580e+01 7.300e+01 3.816e+00 8.100e+01 9.201e-04 0.000e+00 8.932e-04 0.000e+00 1.903e-04 7.300e+01 8.100e+01 0.000e+00 2.000e+01 0.000e+00
7.540e+01 7.300e+01 3.666e+00 8.100e+01 9.091e-04 0.000e+00 8.920e-04 0.000e+00 1.985e-04 7.300e+01 8.100e+01 0.000e+00 2.000e+01 0.000e+00
7.585e+01 7.300e+01 3.785e+00 8.100e+01 8.769e-04 0.000e+00 8.779e-04 0.000e+00 2.591e-04 7.300e+01 8.100e+01 0.000e+00 2.000e+01 0.000e+00
7.585e+01 7.300e+01 3.785e+00 8.100e+01 9.176e-04 0.000e+00 8.906e-04 0.000e+00 3.183e-04 7.300e+01 8.100e+01 0.000e+00 2.000e+01 0.000e+00
7.545e+01 7.300e+01 3.640e+00 8.100e+01 9.079e-04 0.000e+00 8.869e-04 0.000e+00 3.242e-04 7.300e+01 8.100e+01 0.000e+00 2.000e+01 0.000e+00
7.585e+01 7.300e+01 3.785e+00 8.100e+01 9.077e-04 0.000e+00 8.869e-04 0.000e+00 3.174e-04 7.300e+01 8.100e+01 0.000e+00 2.000e+01 0.000e+00
7.580e+01 7.300e+01 3.816e+00 8.100e+01 9.502e-04 0.000e+00 9.105e-04 0.000e+00 2.679e-04 7.300e+01 8.100e+01 0.000e+00 2.000e+01 0.000e+00
7.540e+01 7.300e+01 3.666e+00 8.100e+01 9.076e-04 0.000e+00 8.624e-04 0.000e+00 2.159e-04 7.300e+01 8.100e+01 0.000e+00 2.000e+01 0.000e+00
7.580e+01 7.300e+01 3.816e+00 8.100e+01 8.814e-04 0.000e+00 8.208e-04 0.000e+00 2.120e-04 7.300e+01 8.100e+01 0.000e+00 2.000e+01 0.000e+00
7.580e+01 7.300e+01 3.816e+00 8.100e+01 9.109e-04 0.000e+00 8.351e-04 0.000e+00 2.197e-04 7.300e+01 8.100e+01 0.000e+00 2.000e+01 0.000e+00
7.545e+01 7.300e+01 3.640e+00 8.100e+01 8.976e-04 0.000e+00 8.316e-04 0.000e+00 3.201e-04 7.300e+01 8.100e+01 0.000e+00 2.000e+01 0.000e+00
7.585e+01 7.300e+01 3.785e+00 8.100e+01 8.663e-04 0.000e+00 7.979e-04 0.000e+00 3.195e-04 7.300e+01 8.100e+01 0.000e+00 2.000e+01 0.000e+00
7.585e+01 7.300e+01 3.785e+00 8.100e+01 9.159e-04 0.000e+00 9.053e-04 0.000e+00 3.223e-04 7.300e+01 8.100e+01 0.000e+00 2.000e+01 0.000e+00
7.555e+01 7.300e+01 3.584e+00 8.100e+01 8.855e-04 0.000e+00 9.007e-04 0.000e+00 4.376e-04 7.300e+01 8.100e+01 0.000e+00 2.000e+01 0.000e+00
7.595e+01 7.350e+01 3.721e+00 8.100e+01 8.606e-04 0.000e+00 8.514e-04 0.000e+00 4.255e-04 7.300e+01 8.100e+01 0.000e+00 2.000e+01 0.000e+00
7.595e+01 7.350e+01 3.721e+00 8.100e+01 8.880e-04 0.000e+00 9.595e-04 0.000e+00 4.295e-04 7.300e+01 8.100e+01 0.000e+00 2.000e+01 0.000e+00
7.555e+01 7.300e+01 3.584e+00 8.100e+01 8.545e-04 0.000e+00 8.245e-04 0.000e+00 4.273e-04 7.300e+01 8.100e+01 0.000e+00 2.000e+01 0.000e+00
7.585e+01 7.300e+01 3.785e+00 8.100e+01 8.287e-04 0.000e+00 7.358e-04 0.000e+00 3.111e-04 7.300e+01 8.100e+01 0.000e+00 2.000e+01 0.000e+00
7.580e+01 7.300e+01 3.816e+00 8.100e+01 8.500e-04 0.000e+00 7.358e-04 0.000e+00 2.423e-04 7.300e+01 8.100e+01 0.000e+00 2.000e+01 0.000e+00
7.540e+01 7.300e+01 3.666e+00 8.100e+01 8.476e-04 0.000e+00 6.957e-04 0.000e+00 2.424e-04 7.300e+01 8.100e+01 0.000e+00 2.000e+01 0.000e+00
7.585e+01 7.300e+01 3.785e+00 8.100e+01 8.506e-04 0.000e+00 6.957e-04 0.000e+00 3.025e-04 7.300e+01 8.100e+01 0.000e+00 2.000e+01 0.000e+00
7.585e+01 7.300e+01 3.785e+00 8.100e+01 8.917e-04 0.000e+00 8.533e-04 0.000e+00 2.945e-04 7.300e+01 8.100e+01 0.000e+00 2.000e+01 0.000e+00
7.545e+01 7.300e+01 3.640e+00 8.100e+01 8.939e-04 0.000e+00 8.534e-04 0.000e+00 2.876e-04 7.300e+01 8.100e+01 0.000e+00 2.000e+01 0.000e+00
7.585e+01 7.300e+01 3.785e+00 8.100e+01 8.711e-04 0.000e+00 8.318e-04 0.000e+00 2.800e-04 7.300e+01 8.100e+01 0.000e+00 2.000e+01 0.000e+00
7.580e+01 7.300e+01 3.816e+00 8.100e+01 8.744e-04 0.000e+00 7.942e-04 0.000e+00 2.163e-04 7.300e+01 8.100e+01 0.000e+00 2.000e+01 0.000e+00
7.540e+01 7.300e+01 3.666e+00 8.100e+01 8.592e-04 0.000e+00 7.331e-04 0.000e+00 2.279e-04 7.300e+01 8.100e+01 0.000e+00 2.000e+01 0.000e+00
7.580e+01 7.300e+01 3.816e+00 8.100e+01 8.202e-04 0.000e+00 7.057e-04 0.000e+00 2.264e-04 7.300e+01 8.100e+01 0.000e+00 2.000e+01 0.000e+00
7.585e+01 7.300e+01 3.785e+00 8.100e+01 8.703e-04 0.000e+00 7.399e-04 0.000e+00 3.005e-04 7.300e+01 8.100e+01 0.000e+00 2.000e+01 0.000e+00
7.545e+01 7.300e+01 3.640e+00 8.100e+01 8.599e-04 0.000e+00 7.380e-04 0.000e+00 2.990e-04 7.300e+01 8.100e+01 0.000e+00 2.000e+01 0.000e+00
7.585e+01 7.300e+01 3.785e+00 8.100e+01 8.512e-04 0.000e+00 7.858e-04 0.000e+00 2.916e-04 7.300e+01 8.100e+01 0.000e+00 2.000e+01 0.000e+00
7.585e+01 7.300e+01 3.785e+00 8.100e+01 8.840e-04 0.000e+00 8.364e-04 0.000e+00 2.878e-04 7.300e+01 8.100e+01 0.000e+00 2.000e+01 0.000e+00
7.540e+01 7.300e+01 3.666e+00 8.100e+01 8.531e-04 0.000e+00 7.654e-04 0.000e+00 2.298e-04 7.300e+01 8.100e+01 0.000e+00 2.000e+01 0.000e+00
7.580e+01 7.300e+01 3.816e+00 8.100e+01 8.373e-04 0.000e+00 7.334e-04 0.000e+00 2.258e-04 7.300e+01 8.100e+01 0.000e+00 2.000e+01 0.000e+00
7.580e+01 7.300e+01 3.816e+00 8.100e+01 8.442e-04 0.000e+00 7.334e-04 0.000e+00 2.280e-04 7.300e+01 8.100e+01 0.000e+00 2.000e+01 0.000e+00
7.545e+01 7.300e+01 3.640e+00 8.100e+01 8.568e-04 0.000e+00 7.288e-04 0.000e+00 3.235e-04 7.300e+01 8.100e+01 0.000e+00 2.000e+01 0.000e+00
7.585e+01 7.300e+01 3.785e+00 8.100e+01 8.456e-04 0.000e+00 7.632e-04 0.000e+00 3.118e-04 7.300e+01 8.100e+01 0.000e+00 2.000e+01 0.000e+00
7.620e+01 7.300e+01 4.501e+00 8.135e+01 8.865e-04 0.000e+00 8.230e-04 0.000e+00 3.295e-04 7.300e+01 8.800e+01 0.000e+00 2.000e+01 0.000e+00
7.620e+01 7.300e+01 4.501e+00 8.135e+01 9.298e-04 0.000e+00 9.222e-04 0.000e+00 3.572e-04 7.300e+01 8.800e+01 0.000e+00 2.000e+01 0.000e+00
7.615e+01 7.300e+01 4.531e+00 8.135e+01 9.040e-04 0.000e+00 8.664e-04 0.000e+00 2.883e-04 7.300e+01 8.800e+01 0.000e+00 2.000e+01 0.000e+00
7.615e+01 7.300e+01 4.531e+00 8.135e+01 8.999e-04 0.000e+00 8.169e-04 0.000e+00 2.913e-04 7.300e+01 8.800e+01 0.000e+00 2.000e+01 0.000e+00
7.580e+01 7.300e+01 3.816e+00 8.100e+01 8.795e-04 0.000e+00 7.602e-04 0.000e+00 2.776e-04 7.300e+01 8.100e+01 0.000e+00 2.000e+01 0.000e+00
7.545e+01 7.300e+01 3.640e+00 8.100e+01 8.480e-04 0.000e+00 7.199e-04 0.000e+00 3.160e-04 7.300e+01 8.100e+01 0.000e+00 2.000e+01 0.000e+00
7.615e+01 7.300e+01 4.373e+00 8.130e+01 9.103e-04 0.000e+00 9.459e-04 0.000e+00 3.922e-04 7.300e+01 8.700e+01 0.000e+00 2.000e+01 0.000e+00
7.615e+01 7.300e+01 4.373e+00 8.130e+01 9.395e-04 0.000e+00 1.053e-03 0.000e+00 3.835e-04 7.300e+01 8.700e+01 0.000e+00 2.000e+01 0.000e+00
7.650e+01 7.300e+01 4.843e+00 8.700e+01 9.840e-04 0.000e+00 1.130e-03 0.000e+00 4.371e-04 7.300e+01 8.700e+01 0.000e+00 2.000e+01 0.000e+00
7.715e+01 7.300e+01 5.313e+00 8.700e+01 1.028e-03 0.000e+00 1.147e-03 0.000e+00 4.470e-04 7.300e+01 8.700e+01 0.000e+00 2.000e+01 0.000e+00
7.685e+01 7.300e+01 4.902e+00 8.700e+01 1.011e-03 0.000e+00 1.101e-03 0.000e+00 4.019e-04 7.300e+01 8.700e+01 0.000e+00 2.000e+01 0.000e+00
7.645e+01 7.300e+01 4.873e+00 8.700e+01 1.014e-03 0.000e+00 1.112e-03 0.000e+00 4.045e-04 7.300e+01 8.700e+01 0.000e+00 2.000e+01 0.000e+00
7.615e+01 7.300e+01 4.373e+00 8.130e+01 9.670e-04 0.000e+00 1.015e-03 0.000e+00 3.948e-04 7.300e+01 8.700e+01 0.000e+00 2.000e+01 0.000e+00
7.585e+01 7.300e+01 3.785e+00 8.100e+01 9.332e-04 0.000e+00 9.569e-04 0.000e+00 3.065e-04 7.300e+01 8.100e+01 0.000e+00 2.000e+01 0.000e+00
7.545e+01 7.300e+01 3.640e+00 8.100e+01 9.135e-04 0.000e+00 9.372e-04 0.000e+00 2.762e-04 7.300e+01 8.100e+01 0.000e+00 2.000e+01 0.000e+00
7.590e+01 7.300e+01 3.754e+00 8.100e+01 9.146e-04 0.000e+00 9.768e-04 0.000e+00 3.258e-04 7.300e+01 8.100e+01 0.000e+00 2.000e+01 0.000e+00
7.620e+01 7.300e+01 4.343e+00 8.130e+01 9.584e-04 0.000e+00 1.053e-03 0.000e+00 3.333e-04 7.300e+01 8.700e+01 0.000e+00 2.000e+01 0.000e+00
7.590e+01 7.350e+01 4.194e+00 8.130e+01 1.001e-03 0.000e+00 1.097e-03 0.000e+00 4.141e-04 7.300e+01 8.700e+01 0.000e+00 2.000e+01 0.000e+00
7.660e+01 7.400e+01 4.779e+00 8.700e+01 1.075e-03 0.000e+00 1.235e-03 0.000e+00 4.676e-04 7.300e+01 8.700e+01 0.000e+00 2.000e+01 0.000e+00
7.660e+01 7.400e+01 4.779e+00 8.700e+01 1.075e-03 0.000e+00 1.242e-03 0.000e+00 5.107e-04 7.300e+01 8.700e+01 0.000e+00 2.000e+01 0.000e+00
7.660e+01 7.350e+01 4.923e+00 8.705e+01 1.159e-03 0.000e+00 1.258e-03 0.000e+00 5.789e-04 7.300e+01 8.800e+01 0.000e+00 2.000e+01 0.000e+00
7.720e+01 7.300e+01 5.409e+00 8.705e+01 1.203e-03 0.000e+00 1.258e-03 0.000e+00 5.516e-04 7.300e+01 8.800e+01 0.000e+00 2.000e+01 0.000e+00
7.720e+01 7.300e+01 5.409e+00 8.705e+01 1.227e-03 0.000e+00 1.331e-03 0.000e+00 5.386e-04 7.300e+01 8.800e+01 0.000e+00 2.000e+01 0.000e+00
7.715e+01 7.300e+01 5.443e+00 8.705e+01 1.212e-03 0.000e+00 1.261e-03 0.000e+00 5.373e-04 7.300e+01 8.800e+01 0.000e+00 2.000e+01 0.000e+00
7.680e+01 7.300e+01 4.936e+00 8.700e+01 1.163e-03 0.000e+00 1.267e-03 0.000e+00 4.606e-04 7.300e+01 8.700e+01 0.000e+00 2.000e+01 0.000e+00
7.610e+01 7.300e+01 4.403e+00 8.130e+01 1.062e-03 0.000e+00 1.155e-03 0.000e+00 4.442e-04 7.300e+01 8.700e+01 0.000e+00 2.000e+01 0.000e+00
7.580e+01 7.300e+01 3.816e+00 8.100e+01 9.528e-04 0.000e+00 1.001e-03 0.000e+00 3.893e-04 7.300e+01 8.100e+01 0.000e+00 2.000e+01 0.000e+00
7.585e+01 7.300e+01 3.785e+00 8.100e+01 1.045e-03 0.000e+00 1.006e-03 0.000e+00 3.623e-04 7.300e+01 8.100e+01 0.000e+00 2.000e+01 0.000e+00
7.545e+01 7.300e+01 3.640e+00 8.100e+01 9.823e-04 0.000e+00 9.493e-04 0.000e+00 3.034e-04 7.300e+01 8.100e+01 0.000e+00 2.000e+01 0.000e+00
7.615e+01 7.300e+01 4.373e+00 8.130e+01 1.037e-03 0.000e+00 1.037e-03 0.000e+00 3.901e-04 7.300e+01 8.700e+01 0.000e+00 2.000e+01 0.000e+00
7.620e+01 7.300e+01 4.343e+00 8.130e+01 1.030e-03 0.000e+00 1.108e-03 0.000e+00 4.535e-04 7.300e+01 8.700e+01 0.000e+00 2.000e+01 0.000e+00
7.620e+01 7.300e+01 4.343e+00 8.130e+01 9.844e-04 0.000e+00 1.086e-03 0.000e+00 4.629e-04 7.300e+01 8.700e+01 0.000e+00 2.000e+01 0.000e+00
7.620e+01 7.300e+01 4.343e+00 8.130e+01 9.809e-04 0.000e+00 1.086e-03 0.000e+00 4.686e-04 7.300e+01 8.700e+01 0.000e+00 2.000e+01 0.000e+00
7.590e+01 7.300e+01 3.754e+00 8.100e+01 9.187e-04 0.000e+00 1.024e-03 0.000e+00 4.136e-04 7.300e+01 8.100e+01 0.000e+00 2.000e+01 0.000e+00
7.590e+01 7.300e+01 3.754e+00 8.100e+01 9.701e-04 0.000e+00 1.099e-03 0.000e+00 4.198e-04 7.300e+01 8.100e+01 0.000e+00 2.000e+01 0.000e+00
7.550e+01 7.300e+01 3.612e+00 8.100e+01 9.435e-04 0.000e+00 1.032e-03 0.000e+00 4.018e-04 7.300e+01 8.100e+01 0.000e+00 2.000e+01 0.000e+00
7.595e+01 7.350e+01 3.721e+00 8.100e+01 9.361e-04 0.000e+00 1.056e-03 0.000e+00 4.448e-04 7.300e+01 8.100e+01 0.000e+00 2.000e+01 0.000e+00
7.630e+01 7.350e+01 4.440e+00 8.135e+01 9.745e-04 0.000e+00 1.112e-03 0.000e+00 4.204e-04 7.300e+01 8.800e+01 0.000e+00 2.000e+01 0.000e+00
7.625e+01 7.300e+01 4.471e+00 8.135e+01 9.975e-04 0.000e+00 1.020e-03 0.000e+00 3.984e-04 7.300e+01 8.800e+01 0.000e+00 2.000e+01 0.000e+00
7.690e+01 7.300e+01 5.009e+00 8.705e+01 1.029e-03 0.000e+00 1.082e-03 0.000e+00 4.127e-04 7.300e+01 8.800e+01 0.000e+00 2.000e+01 0.000e+00
7.645e+01 7.300e+01 5.015e+00 8.705e+01 1.023e-03 0.000e+00 1.117e-03 0.000e+00 4.653e-04 7.300e+01 8.800e+01 0.000e+00 2.000e+01 0.000e+00
7.615e+01 7.300e+01 4.373e+00 8.130e+01 9.595e-04 0.000e+00 1.049e-03 0.000e+00 5.433e-04 7.300e+01 8.700e+01 0.000e+00 2.000e+01 0.000e+00
7.675e+01 7.300e+01 5.309e+00 8.700e+01 1.019e-03 0.000e+00 1.143e-03 0.000e+00 5.488e-04 7.300e+01 8.700e+01 0.000e+00 2.000e+01 0.000e+00
7.645e+01 7.300e+01 4.873e+00 8.700e+01 9.754e-04 0.000e+00 1.084e-03 0.000e+00 4.977e-04 7.300e+01 8.700e+01 0.000e+00 2.000e+01 0.000e+00
7.745e+01 7.300e+01 5.679e+00 8.700e+01 1.119e-03 0.000e+00 1.146e-03 0.000e+00 4.374e-04 7.300e+01 8.700e+01 0.000e+00 2.000e+01 0.000e+00
7.770e+01 7.300e+01 6.042e+00 8.700e+01 1.224e-03 0.000e+00 1.181e-03 0.000e+00 3.527e-04 7.300e+01 8.700e+01 0.000e+00 2.000e+01 0.000e+00
7.710e+01 7.300e+01 5.347e+00 8.700e+01 1.093e-03 0.000e+00 1.147e-03 0.000e+00 3.581e-04 7.300e+01 8.700e+01 0.000e+00 2.000e+01 0.000e+00
7.710e+01 7.300e+01 5.347e+00 8.700e+01 1.132e-03 0.000e+00 1.162e-03 0.000e+00 3.353e-04 7.300e+01 8.700e+01 0.000e+00 2.000e+01 0.000e+00
7.615e+01 7.300e+01 4.373e+00 8.130e+01 9.963e-04 0.000e+00 1.012e-03 0.000e+00 3.601e-04 7.300e+01 8.700e+01 0.000e+00 2.000e+01 0.000e+00
7.585e+01 7.300e+01 3.785e+00 8.100e+01 9.023e-04 0.000e+00 9.248e-04 0.000e+00 3.298e-04 7.300e+01 8.100e+01 0.000e+00 2.000e+01 0.000e+00
7.650e+01 7.300e+01 4.985e+00 8.705e+01 1.056e-03 0.000e+00 1.105e-03 0.000e+00 4.210e-04 7.300e+01 8.800e+01 0.000e+00 2.000e+01 0.000e+00
7.655e+01 7.300e+01 4.955e+00 8.705e+01 1.009e-03 0.000e+00 1.093e-03 0.000e+00 4.791e-04 7.300e+01 8.800e+01 0.000e+00 2.000e+01 0.000e+00
7.690e+01 7.300e+01 5.009e+00 8.705e+01 1.022e-03 0.000e+00 1.093e-03 0.000e+00 4.270e-04 7.300e+01 8.800e+01 0.000e+00 2.000e+01 0.000e+00
7.650e+01 7.300e+01 4.985e+00 8.705e+01 1.065e-03 0.000e+00 1.114e-03 0.000e+00 3.773e-04 7.300e+01 8.800e+01 0.000e+00 2.000e+01 0.000e+00
7.595e+01 7.350e+01 3.721e+00 8.100e+01 8.902e-04 0.000e+00 9.799e-04 0.000e+00 3.828e-04 7.300e+01 8.100e+01 0.000e+00 2.000e+01 0.000e+00
7.590e+01 7.300e+01 3.754e+00 8.100e+01 9.282e-04 0.000e+00 1.080e-03 0.000e+00 3.893e-04 7.300e+01 8.100e+01 0.000e+00 2.000e+01 0.000e+00
7.555e+01 7.300e+01 3.584e+00 8.100e+01 9.033e-04 0.000e+00 1.080e-03 0.000e+00 4.398e-04 7.300e+01 8.100e+01 0.000e+00 2.000e+01 0.000e+00
7.630e+01 7.350e+01 4.440e+00 8.135e+01 9.360e-04 0.000e+00 1.094e-03 0.000e+00 4.668e-04 7.300e+01 8.800e+01 0.000e+00 2.000e+01 0.000e+00
7.625e+01 7.300e+01 4.471e+00 8.135e+01 9.446e-04 0.000e+00 1.073e-03 0.000e+00 4.430e-04 7.300e+01 8.800e+01 0.000e+00 2.000e+01 0.000e+00
7.625e+01 7.300e+01 4.471e+00 8.135e+01 9.129e-04 0.000e+00 8.894e-04 0.000e+00 3.981e-04 7.300e+01 8.800e+01 0.000e+00 2.000e+01 0.000e+00
7.620e+01 7.300e+01 4.501e+00 8.135e+01 9.323e-04 0.000e+00 8.670e-04 0.000e+00 3.459e-04 7.300e+01 8.800e+01 0.000e+00 2.000e+01 0.000e+00
7.585e+01 7.300e+01 3.798e+00 8.100e+01 8.329e-04 0.000e+00 8.295e-04 0.000e+00 3.851e-04 7.200e+01 8.100e+01 0.000e+00 2.000e+01 0.000e+00
7.540e+01 7.300e+01 3.680e+00 8.100e+01 8.328e-04 0.000e+00 7.908e-04 0.000e+00 3.399e-04 7.200e+01 8.100e+01 0.000e+00 2.000e+01 0.000e+00
7.540e+01 7.300e+01 3.680e+00 8.100e+01 7.985e-04 0.000e+00 7.908e-04 0.000e+00 3.381e-04 7.200e+01 8.100e+01 0.000e+00 2.000e+01 0.000e+00
7.580e+01 7.300e+01 3.829e+00 8.100e+01 7.810e-04 0.000e+00 7.601e-04 0.000e+00 3.396e-04 7.200e+01 8.100e+01 0.000e+00 2.000e+01 0.000e+00
7.545e+01 7.300e+01 3.640e+00 8.100e+01 8.300e-04 0.000e+00 7.601e-04 0.000e+00 3.379e-04 7.300e+01 8.100e+01 0.000e+00 2.000e+01 0.000e+00
7.590e+01 7.300e+01 3.754e+00 8.100e+01 8.213e-04 0.000e+00 8.054e-04 0.000e+00 3.726e-04 7.300e+01 8.100e+01 0.000e+00 2.000e+01 0.000e+00
7.590e+01 7.300e+01 3.754e+00 8.100e+01 8.560e-04 0.000e+00 8.146e-04 0.000e+00 3.768e-04 7.300e+01 8.100e+01 0.000e+00 2.000e+01 0.000e+00
7.650e+01 7.300e+01 4.843e+00 8.700e+01 9.451e-04 0.000e+00 1.065e-03 0.000e+00 4.028e-04 7.300e+01 8.700e+01 0.000e+00 2.000e+01 0.000e+00
7.690e+01 7.350e+01 4.867e+00 8.700e+01 9.651e-04 0.000e+00 1.061e-03 0.000e+00 4.074e-04 7.300e+01 8.700e+01 0.000e+00 2.000e+01 0.000e+00
7.645e+01 7.300e+01 4.873e+00 8.700e+01 9.784e-04 0.000e+00 1.109e-03 0.000e+00 3.667e-04 7.300e+01 8.700e+01 0.000e+00 2.000e+01 0.000e+00
7.645e+01 7.300e+01 4.873e+00 8.700e+01 9.482e-04 0.000e+00 9.772e-04 0.000e+00 3.717e-04 7.300e+01 8.700e+01 0.000e+00 2.000e+01 0.000e+00
7.585e+01 7.300e+01 3.785e+00 8.100e+01 8.599e-04 0.000e+00 7.693e-04 0.000e+00 3.467e-04 7.300e+01 8.100e+01 0.000e+00 2.000e+01 0.000e+00
7.540e+01 7.300e+01 3.666e+00 8.100e+01 8.194e-04 0.000e+00 6.986e-04 0.000e+00 2.628e-04 7.300e+01 8.100e+01 0.000e+00 2.000e+01 0.000e+00
7.580e+01 7.300e+01 3.816e+00 8.100e+01 7.942e-04 0.000e+00 6.737e-04 0.000e+00 2.501e-04 7.300e+01 8.100e+01 0.000e+00 2.000e+01 0.000e+00
7.585e+01 7.300e+01 3.785e+00 8.100e+01 8.471e-04 0.000e+00 7.005e-04 0.000e+00 3.337e-04 7.300e+01 8.100e+01 0.000e+00 2.000e+01 0.000e+00
7.620e+01 7.300e+01 4.501e+00 8.135e+01 9.249e-04 0.000e+00 9.167e-04 0.000e+00 3.873e-04 7.300e+01 8.800e+01 0.000e+00 2.000e+01 0.000e+00
7.620e+01 7.300e+01 4.501e+00 8.135e+01 9.252e-04 0.000e+00 9.167e-04 0.000e+00 3.913e-04 7.300e+01 8.800e+01 0.000e+00 2.000e+01 0.000e+00
7.620e+01 7.300e+01 4.501e+00 8.135e+01 9.216e-04 0.000e+00 9.167e-04 0.000e+00 3.939e-04 7.300e+01 8.800e+01 0.000e+00 2.000e+01 0.000e+00
7.615e+01 7.300e+01 4.531e+00 8.135e+01 8.919e-04 0.000e+00 7.031e-04 0.000e+00 3.396e-04 7.300e+01 8.800e+01 0.000e+00 2.000e+01 0.000e+00
7.540e+01 7.300e+01 3.666e+00 8.100e+01 8.017e-04 0.000e+00 6.644e-04 0.000e+00 2.702e-04 7.300e+01 8.100e+01 0.000e+00 2.000e+01 0.000e+00
7.580e+01 7.300e+01 3.816e+00 8.100e+01 7.888e-04 0.000e+00 6.448e-04 0.000e+00 2.515e-04 7.300e+01 8.100e+01 0.000e+00 2.000e+01 0.000e+00
7.585e+01 7.300e+01 3.785e+00 8.100e+01 8.448e-04 0.000e+00 7.459e-04 0.000e+00 3.280e-04 7.300e+01 8.100e+01 0.000e+00 2.000e+01 0.000e+00
7.545e+01 7.300e+01 3.640e+00 8.100e+01 8.381e-04 0.000e+00 7.452e-04 0.000e+00 3.331e-04 7.300e+01 8.100e+01 0.000e+00 2.000e+01 0.000e+00
7.620e+01 7.300e+01 4.343e+00 8.130e+01 8.997e-04 0.000e+00 9.699e-04 0.000e+00 4.012e-04 7.300e+01 8.700e+01 0.000e+00 2.000e+01 0.000e+00
7.620e+01 7.300e+01 4.343e+00 8.130e+01 8.952e-04 0.000e+00 9.741e-04 0.000e+00 4.061e-04 7.300e+01 8.700e+01 0.000e+00 2.000e+01 0.000e+00
7.615e+01 7.300e+01 4.373e+00 8.130e+01 8.754e-04 0.000e+00 8.223e-04 0.000e+00 3.502e-04 7.300e+01 8.700e+01 0.000e+00 2.000e+01 0.000e+00
7.615e+01 7.300e+01 4.373e+00 8.130e+01 8.749e-04 0.000e+00 8.223e-04 0.000e+00 3.459e-04 7.300e+01 8.700e+01 0.000e+00 2.000e+01 0.000e+00
7.580e+01 7.300e+01 3.816e+00 8.100e+01 7.933e-04 0.000e+00 7.010e-04 0.000e+00 2.466e-04 7.300e+01 8.100e+01 0.000e+00 2.000e+01 0.000e+00
7.580e+01 7.300e+01 3.816e+00 8.100e+01 8.592e-04 0.000e+00 7.989e-04 0.000e+00 2.464e-04 7.300e+01 8.100e+01 0.000e+00 2.000e+01 0.000e+00
7.540e+01 7.300e+01 3.666e+00 8.100e+01 8.490e-04 0.000e+00 7.658e-04 0.000e+00 2.518e-04 7.300e+01 8.100e+01 0.000e+00 2.000e+01 0.000e+00
7.580e+01 7.300e+01 3.816e+00 8.100e+01 8.353e-04 0.000e+00 7.293e-04 0.000e+00 2.428e-04 7.300e+01 8.100e+01 0.000e+00 2.000e+01 0.000e+00
7.580e+01 7.300e+01 3.816e+00 8.100e+01 8.759e-04 0.000e+00 8.124e-04 0.000e+00 2.315e-04 7.300e+01 8.100e+01 0.000e+00 2.000e+01 0.000e+00
7.540e+01 7.300e+01 3.666e+00 8.100e+01 8.237e-04 0.000e+00 7.206e-04 0.000e+00 2.430e-04 7.300e+01 8.100e+01 0.000e+00 2.000e+01 0.000e+00
7.580e+01 7.300e+01 3.816e+00 8.100e+01 8.127e-04 0.000e+00 7.268e-04 0.000e+00 2.277e-04 7.300e+01 8.100e+01 0.000e+00 2.000e+01 0.000e+00
7.580e+01 7.300e+01 3.816e+00 8.100e+01 8.371e-04 0.000e+00 7.268e-04 0.000e+00 2.352e-04 7.300e+01 8.100e+01 0.000e+00 2.000e+01 0.000e+00
7.540e+01 7.300e+01 3.666e+00 8.100e+01 8.572e-04 0.000e+00 7.588e-04 0.000e+00 2.386e-04 7.300e+01 8.100e+01 0.000e+00 2.000e+01 0.000e+00
7.580e+01 7.300e+01 3.816e+00 8.100e+01 8.426e-04 0.000e+00 7.585e-04 0.000e+00 2.310e-04 7.300e+01 8.100e+01 0.000e+00 2.000e+01 0.000e+00
7.580e+01 7.300e+01 3.816e+00 8.100e+01 8.541e-04 0.000e+00 7.577e-04 0.000e+00 2.506e-04 7.300e+01 8.100e+01 0.000e+00 2.000e+01 0.000e+00
7.540e+01 7.300e+01 3.666e+00 8.100e+01 8.939e-04 0.000e+00 8.157e-04 0.000e+00 3.183e-04 7.300e+01 8.100e+01 0.000e+00 2.000e+01 0.000e+00
7.580e+01 7.300e+01 3.816e+00 8.100e+01 1.041e-03 0.000e+00 1.008e-03 0.000e+00 4.690e-04 7.300e+01 8.100e+01 0.000e+00 2.000e+01 0.000e+00
7.550e+01 7.300e+01 3.612e+00 8.100e+01 1.063e-03 0.000e+00 1.135e-03 0.000e+00 5.322e-04 7.300e+01 8.100e+01 0.000e+00 2.000e+01 0.000e+00
7.685e+01 7.300e+01 5.378e+00 8.705e+01 1.204e-03 0.000e+00 1.263e-03 0.000e+00 5.205e-04 7.300e+01 8.800e+01 0.000e+00 2.000e+01 0.000e+00
7.725e+01 7.350e+01 5.375e+00 8.705e+01 1.210e-03 0.000e+00 1.263e-03 0.000e+00 4.964e-04 7.300e+01 8.800e+01 0.000e+00 2.000e+01 0.000e+00
7.685e+01 7.300e+01 5.378e+00 8.705e+01 1.063e-03 0.000e+00 1.140e-03 0.000e+00 4.270e-04 7.300e+01 8.800e+01 0.000e+00 2.000e+01 0.000e+00
7.750e+01 7.300e+01 5.766e+00 8.705e+01 1.141e-03 0.000e+00 1.157e-03 0.000e+00 3.972e-04 7.300e+01 8.800e+01 0.000e+00 2.000e+01 0.000e+00
7.650e+01 7.300e+01 4.843e+00 8.700e+01 1.065e-03 0.000e+00 1.148e-03 0.000e+00 4.326e-04 7.300e+01 8.700e+01 0.000e+00 2.000e+01 0.000e+00
7.685e+01 7.350e+01 5.247e+00 8.700e+01 1.073e-03 0.000e+00 1.168e-03 0.000e+00 4.755e-04 7.300e+01 8.700e+01 0.000e+00 2.000e+01 0.000e+00
7.755e+01 7.400e+01 5.608e+00 8.700e+01 1.136e-03 0.000e+00 1.211e-03 0.000e+00 5.077e-04 7.300e+01 8.700e+01 0.000e+00 2.000e+01 0.000e+00
7.720e+01 7.350e+01 5.278e+00 8.700e+01 1.076e-03 0.000e+00 1.139e-03 0.000e+00 4.395e-04 7.300e+01 8.700e+01 0.000e+00 2.000e+01 0.000e+00
7.685e+01 7.300e+01 4.902e+00 8.700e+01 1.035e-03 0.000e+00 1.089e-03 0.000e+00 3.797e-04 7.300e+01 8.700e+01 0.000e+00 2.000e+01 0.000e+00
7.610e+01 7.300e+01 4.403e+00 8.130e+01 9.997e-04 0.000e+00 9.605e-04 0.000e+00 3.019e-04 7.300e+01 8.700e+01 0.000e+00 2.000e+01 0.000e+00
7.590e+01 7.300e+01 3.754e+00 8.100e+01 8.918e-04 0.000e+00 8.802e-04 0.000e+00 3.278e-04 7.300e+01 8.100e+01 0.000e+00 2.000e+01 0.000e+00
7.650e+01 7.300e+01 4.843e+00 8.700e+01 1.010e-03 0.000e+00 1.155e-03 0.000e+00 3.940e-04 7.300e+01 8.700e+01 0.000e+00 2.000e+01 0.000e+00
7.685e+01 7.300e+01 5.378e+00 8.705e+01 1.083e-03 0.000e+00 1.186e-03 0.000e+00 4.583e-04 7.300e+01 8.800e+01 0.000e+00 2.000e+01 0.000e+00
7.755e+01 7.350e+01 5.731e+00 8.705e+01 1.139e-03 0.000e+00 1.239e-03 0.000e+00 4.908e-04 7.300e+01 8.800e+01 0.000e+00 2.000e+01 0.000e+00
7.755e+01 7.350e+01 5.731e+00 8.705e+01 1.131e-03 0.000e+00 1.239e-03 0.000e+00 4.902e-04 7.300e+01 8.800e+01 0.000e+00 2.000e+01 0.000e+00
7.695e+01 7.350e+01 4.975e+00 8.705e+01 1.057e-03 0.000e+00 1.211e-03 0.000e+00 5.080e-04 7.300e+01 8.800e+01 0.000e+00 2.000e+01 0.000e+00
7.720e+01 7.350e+01 5.278e+00 8.700e+01 1.016e-03 0.000e+00 1.209e-03 0.000e+00 4.965e-04 7.300e+01 8.700e+01 0.000e+00 2.000e+01 0.000e+00
7.690e+01 7.350e+01 4.867e+00 8.700e+01 9.989e-04 0.000e+00 1.120e-03 0.000e+00 4.786e-04 7.300e+01 8.700e+01 0.000e+00 2.000e+01 0.000e+00
7.645e+01 7.300e+01 4.873e+00 8.700e+01 1.044e-03 0.000e+00 1.154e-03 0.000e+00 4.352e-04 7.300e+01 8.700e+01 0.000e+00 2.000e+01 0.000e+00
7.680e+01 7.300e+01 5.278e+00 8.700e+01 1.047e-03 0.000e+00 1.157e-03 0.000e+00 4.428e-04 7.300e+01 8.700e+01 0.000e+00 2.000e+01 0.000e+00
7.630e+01 7.400e+01 4.279e+00 8.130e+01 9.745e-04 0.000e+00 1.096e-03 0.000e+00 4.667e-04 7.300e+01 8.700e+01 0.000e+00 2.000e+01 0.000e+00
7.665e+01 7.400e+01 4.746e+00 8.700e+01 9.757e-04 0.000e+00 1.147e-03 0.000e+00 4.927e-04 7.300e+01 8.700e+01 0.000e+00 2.000e+01 0.000e+00
7.705e+01 7.400e+01 4.759e+00 8.700e+01 1.016e-03 0.000e+00 1.158e-03 0.000e+00 5.169e-04 7.300e+01 8.700e+01 0.000e+00 2.000e+01 0.000e+00
7.635e+01 7.400e+01 4.246e+00 8.130e+01 9.811e-04 0.000e+00 1.125e-03 0.000e+00 5.358e-04 7.300e+01 8.700e+01 0.000e+00 2.000e+01 0.000e+00
7.665e+01 7.400e+01 4.892e+00 8.705e+01 1.077e-03 0.000e+00 1.212e-03 0.000e+00 5.379e-04 7.300e+01 8.800e+01 0.000e+00 2.000e+01 0.000e+00
7.630e+01 7.350e+01 4.440e+00 8.135e+01 1.032e-03 0.000e+00 1.082e-03 0.000e+00 4.903e-04 7.300e+01 8.800e+01 0.000e+00 2.000e+01 0.000e+00
7.655e+01 7.300e+01 4.955e+00 8.705e+01 1.051e-03 0.000e+00 1.085e-03 0.000e+00 4.488e-04 7.300e+01 8.800e+01 0.000e+00 2.000e+01 0.000e+00
7.690e+01 7.300e+01 5.009e+00 8.705e+01 1.043e-03 0.000e+00 1.029e-03 0.000e+00 3.736e-04 7.300e+01 8.800e+01 0.000e+00 2.000e+01 0.000e+00
7.610e+01 7.300e+01 4.403e+00 8.130e+01 9.930e-04 0.000e+00 9.811e-04 0.000e+00 2.539e-04 7.300e+01 8.700e+01 0.000e+00 2.000e+01 0.000e+00
7.610e+01 7.300e+01 4.403e+00 8.130e+01 1.010e-03 0.000e+00 1.066e-03 0.000e+00 2.848e-04 7.300e+01 8.700e+01 0.000e+00 2.000e+01 0.000e+00
7.640e+01 7.300e+01 4.903e+00 8.700e+01 1.068e-03 0.000e+00 1.140e-03 0.000e+00 2.978e-04 7.300e+01 8.700e+01 0.000e+00 2.000e+01 0.000e+00
7.640e+01 7.300e+01 4.903e+00 8.700e+01 1.057e-03 0.000e+00 1.123e-03 0.000e+00 2.985e-04 7.300e+01 8.700e+01 0.000e+00 2.000e+01 0.000e+00
7.745e+01 7.300e+01 5.801e+00 8.705e+01 1.156e-03 0.000e+00 1.183e-03 0.000e+00 3.127e-04 7.300e+01 8.800e+01 0.000e+00 2.000e+01 0.000e+00
7.845e+01 7.300e+01 6.336e+00 8.705e+01 1.234e-03 0.000e+00 1.208e-03 0.000e+00 2.689e-04 7.300e+01 8.800e+01 0.000e+00 2.000e+01 0.000e+00
7.755e+01 7.350e+01 5.731e+00 8.705e+01 1.088e-03 0.000e+00 1.149e-03 0.000e+00 4.057e-04 7.300e+01 8.800e+01 0.000e+00 2.000e+01 0.000e+00
7.785e+01 7.350e+01 6.052e+00 8.705e+01 1.173e-03 0.000e+00 1.219e-03 0.000e+00 4.264e-04 7.300e+01 8.800e+01 0.000e+00 2.000e+01 0.000e+00
7.780e+01 7.350e+01 5.972e+00 8.700e+01 1.178e-03 0.000e+00 1.210e-03 0.000e+00 4.344e-04 7.300e+01 8.700e+01 0.000e+00 2.000e+01 0.000e+00
7.780e+01 7.350e+01 5.972e+00 8.700e+01 1.166e-03 0.000e+00 1.261e-03 0.000e+00 4.600e-04 7.300e+01 8.700e+01 0.000e+00 2.000e+01 0.000e+00
7.845e+01 7.350e+01 6.225e+00 8.700e+01 1.239e-03 0.000e+00 1.261e-03 0.000e+00 4.021e-04 7.300e+01 8.700e+01 0.000e+00 2.000e+01 0.000e+00
7.850e+01 7.400e+01 6.185e+00 8.700e+01 1.208e-03 0.000e+00 1.261e-03 0.000e+00 4.393e-04 7.300e+01 8.700e+01 0.000e+00 2.000e+01 0.000e+00
7.795e+01 7.400e+01 5.554e+00 8.700e+01 1.127e-03 0.000e+00 1.245e-03 0.000e+00 4.865e-04 7.300e+01 8.700e+01 0.000e+00 2.000e+01 0.000e+00
7.665e+01 7.400e+01 4.746e+00 8.700e+01 1.041e-03 0.000e+00 1.166e-03 0.000e+00 5.541e-04 7.300e+01 8.700e+01 0.000e+00 2.000e+01 0.000e+00
7.630e+01 7.400e+01 4.279e+00 8.130e+01 9.830e-04 0.000e+00 1.075e-03 0.000e+00 4.983e-04 7.300e+01 8.700e+01 0.000e+00 2.000e+01 0.000e+00
7.595e+01 7.350e+01 3.721e+00 8.100e+01 9.313e-04 0.000e+00 1.003e-03 0.000e+00 4.382e-04 7.300e+01 8.100e+01 0.000e+00 2.000e+01 0.000e+00
7.550e+01 7.300e+01 3.612e+00 8.100e+01 9.252e-04 0.000e+00 9.276e-04 0.000e+00 4.285e-04 7.300e+01 8.100e+01 0.000e+00 2.000e+01 0.000e+00
7.580e+01 7.300e+01 3.816e+00 8.100e+01 8.934e-04 0.000e+00 8.197e-04 0.000e+00 3.144e-04 7.300e+01 8.100e+01 0.000e+00 2.000e+01 0.000e+00
7.580e+01 7.300e+01 3.816e+00 8.100e+01 8.858e-04 0.000e+00 7.888e-04 0.000e+00 3.305e-04 7.300e+01 8.100e+01 0.000e+00 2.000e+01 0.000e+00
7.540e+01 7.300e+01 3.666e+00 8.100e+01 8.706e-04 0.000e+00 7.467e-04 0.000e+00 3.345e-04 7.300e+01 8.100e+01 0.000e+00 2.000e+01 0.000e+00
7.580e+01 7.300e+01 3.816e+00 8.100e+01 8.287e-04 0.000e+00 7.888e-04 0.000e+00 2.392e-04 7.300e+01 8.100e+01 0.000e+00 2.000e+01 0.000e+00
7.580e+01 7.300e+01 3.816e+00 8.100e+01 8.484e-04 0.000e+00 7.888e-04 0.000e+00 2.389e-04 7.300e+01 8.100e+01 0.000e+00 2.000e+01 0.000e+00
7.540e+01 7.300e+01 3.666e+00 8.100e+01 8.419e-04 0.000e+00 7.888e-04 0.000e+00 2.368e-04 7.300e+01 8.100e+01 0.000e+00 2.000e+01 0.000e+00
7.580e+01 7.300e+01 3.816e+00 8.100e+01 8.263e-04 0.000e+00 7.575e-04 0.000e+00 2.308e-04 7.300e+01 8.100e+01 0.000e+00 2.000e+01 0.000e+00
7.585e+01 7.300e+01 3.785e+00 8.100e+01 8.797e-04 0.000e+00 7.575e-04 0.000e+00 3.112e-04 7.300e+01 8.100e+01 0.000e+00 2.000e+01 0.000e+00
7.545e+01 7.300e+01 3.640e+00 8.100e+01 8.717e-04 0.000e+00 7.901e-04 0.000e+00 3.132e-04 7.300e+01 8.100e+01 0.000e+00 2.000e+01 0.000e+00
7.585e+01 7.300e+01 3.785e+00 8.100e+01 8.487e-04 0.000e+00 7.876e-04 0.000e+00 3.105e-04 7.300e+01 8.100e+01 0.000e+00 2.000e+01 0.000e+00
7.585e+01 7.300e+01 3.785e+00 8.100e+01 9.091e-04 0.000e+00 8.994e-04 0.000e+00 3.039e-04 7.300e+01 8.100e+01 0.000e+00 2.000e+01 0.000e+00
7.545e+01 7.300e+01 3.640e+00 8.100e+01 8.641e-04 0.000e+00 8.322e-04 0.000e+00 3.349e-04 7.300e+01 8.100e+01 0.000e+00 2.000e+01 0.000e+00
7.585e+01 7.300e+01 3.785e+00 8.100e+01 8.465e-04 0.000e+00 8.322e-04 0.000e+00 3.413e-04 7.300e+01 8.100e+01 0.000e+00 2.000e+01 0.000e+00
7.585e+01 7.300e+01 3.785e+00 8.100e+01 8.757e-04 0.000e+00 9.034e-04 0.000e+00 3.435e-04 7.300e+01 8.100e+01 0.000e+00 2.000e+01 0.000e+00
7.545e+01 7.300e+01 3.640e+00 8.100e+01 8.303e-04 0.000e+00 7.181e-04 0.000e+00 3.554e-04 7.300e+01 8.100e+01 0.000e+00 2.000e+01 0.000e+00
7.580e+01 7.300e+01 3.816e+00 8.100e+01 7.949e-04 0.000e+00 7.144e-04 0.000e+00 2.580e-04 7.300e+01 8.100e+01 0.000e+00 2.000e+01 0.000e+00
7.580e+01 7.300e+01 3.816e+00 8.100e+01 8.221e-04 0.000e+00 7.181e-04 0.000e+00 2.512e-04 7.300e+01 8.100e+01 0.000e+00 2.000e+01 0.000e+00
7.540e+01 7.300e+01 3.666e+00 8.100e+01 8.358e-04 0.000e+00 7.471e-04 0.000e+00 2.490e-04 7.300e+01 8.100e+01 0.000e+00 2.000e+01 0.000e+00
7.580e+01 7.300e+01 3.816e+00 8.100e+01 8.402e-04 0.000e+00 7.774e-04 0.000e+00 2.241e-04 7.300e+01 8.100e+01 0.000e+00 2.000e+01 0.000e+00
7.580e+01 7.300e+01 3.816e+00 8.100e+01 8.732e-04 0.000e+00 8.272e-04 0.000e+00 2.250e-04 7.300e+01 8.100e+01 0.000e+00 2.000e+01 0.000e+00
7.540e+01 7.300e+01 3.666e+00 8.100e+01 8.716e-04 0.000e+00 8.272e-04 0.000e+00 2.295e-04 7.300e+01 8.100e+01 0.000e+00 2.000e+01 0.000e+00
7.580e+01 7.300e+01 3.816e+00 8.100e+01 8.353e-04 0.000e+00 7.627e-04 0.000e+00 2.263e-04 7.300e+01 8.100e+01 0.000e+00 2.000e+01 0.000e+00
7.580e+01 7.300e+01 3.816e+00 8.100e+01 8.396e-04 0.000e+00 7.589e-04 0.000e+00 2.325e-04 7.300e+01 8.100e+01 0.000e+00 2.000e+01 0.000e+00
7.540e+01 7.300e+01 3.666e+00 8.100e+01 8.257e-04 0.000e+00 7.324e-04 0.000e+00 2.383e-04 7.300e+01 8.100e+01 0.000e+00 2.000e+01 0.000e+00
7.580e+01 7.300e+01 3.816e+00 8.100e+01 8.166e-04 0.000e+00 7.324e-04 0.000e+00 2.217e-04 7.300e+01 8.100e+01 0.000e+00 2.000e+01 0.000e+00
7.615e+01 7.300e+01 4.531e+00 8.135e+01 8.995e-04 0.000e+00 7.970e-04 0.000e+00 2.705e-04 7.300e+01 8.800e+01 0.000e+00 2.000e+01 0.000e+00
7.615e+01 7.300e+01 4.531e+00 8.135e+01 9.193e-04 0.000e+00 8.571e-04 0.000e+00 2.587e-04 7.300e+01 8.800e+01 0.000e+00 2.000e+01 0.000e+00
7.615e+01 7.300e+01 4.531e+00 8.135e+01 9.277e-04 0.000e+00 8.571e-04 0.000e+00 2.518e-04 7.300e+01 8.800e+01 0.000e+00 2.000e+01 0.000e+00
7.615e+01 7.300e+01 4.531e+00 8.135e+01 9.140e-04 0.000e+00 8.571e-04 0.000e+00 2.597e-04 7.300e+01 8.800e+01 0.000e+00 2.000e+01 0.000e+00
7.580e+01 7.300e+01 3.816e+00 8.100e+01 8.595e-04 0.000e+00 8.068e-04 0.000e+00 2.192e-04 7.300e+01 8.100e+01 0.000e+00 2.000e+01 0.000e+00
7.540e+01 7.300e+01 3.666e+00 8.100e+01 8.369e-04 0.000e+00 7.441e-04 0.000e+00 2.294e-04 7.300e+01 8.100e+01 0.000e+00 2.000e+01 0.000e+00
7.580e+01 7.300e+01 3.816e+00 8.100e+01 8.258e-04 0.000e+00 7.441e-04 0.000e+00 2.202e-04 7.300e+01 8.100e+01 0.000e+00 2.000e+01 0.000e+00
7.580e+01 7.300e+01 3.816e+00 8.100e+01 8.628e-04 0.000e+00 7.756e-04 0.000e+00 2.350e-04 7.300e+01 8.100e+01 0.000e+00 2.000e+01 0.000e+00
7.540e+01 7.300e+01 3.666e+00 8.100e+01 8.558e-04 0.000e+00 7.858e-04 0.000e+00 2.361e-04 7.300e+01 8.100e+01 0.000e+00 2.000e+01 0.000e+00
7.580e+01 7.300e+01 3.816e+00 8.100e+01 8.432e-04 0.000e+00 7.858e-04 0.000e+00 2.314e-04 7.300e+01 8.100e+01 0.000e+00 2.000e+01 0.000e+00
7.580e+01 7.300e+01 3.816e+00 8.100e+01 8.555e-04 0.000e+00 7.846e-04 0.000e+00 2.324e-04 7.300e+01 8.100e+01 0.000e+00 2.000e+01 0.000e+00
7.540e+01 7.300e+01 3.666e+00 8.100e+01 8.339e-04 0.000e+00 7.710e-04 0.000e+00 2.368e-04 7.300e+01 8.100e+01 0.000e+00 2.000e+01 0.000e+00
7.580e+01 7.300e+01 3.816e+00 8.100e+01 8.194e-04 0.000e+00 7.520e-04 0.000e+00 2.258e-04 7.300e+01 8.100e+01 0.000e+00 2.000e+01 0.000e+00
7.580e+01 7.300e+01 3.816e+00 8.100e+01 8.400e-04 0.000e+00 7.656e-04 0.000e+00 2.376e-04 7.300e+01 8.100e+01 0.000e+00 2.000e+01 0.000e+00
7.540e+01 7.300e+01 3.666e+00 8.100e+01 8.561e-04 0.000e+00 7.758e-04 0.000e+00 2.375e-04 7.300e+01 8.100e+01 0.000e+00 2.000e+01 0.000e+00
7.580e+01 7.300e+01 3.816e+00 8.100e+01 8.442e-04 0.000e+00 7.468e-04 0.000e+00 2.217e-04 7.300e+01 8.100e+01 0.000e+00 2.000e+01 0.000e+00
7.580e+01 7.300e+01 3.816e+00 8.100e+01 8.664e-04 0.000e+00 7.786e-04 0.000e+00 2.277e-04 7.300e+01 8.100e+01 0.000e+00 2.000e+01 0.000e+00
7.540e+01 7.300e+01 3.666e+00 8.100e+01 8.750e-04 0.000e+00 7.873e-04 0.000e+00 2.227e-04 7.300e+01 8.100e+01 0.000e+00 2.000e+01 0.000e+00
7.580e+01 7.300e+01 3.816e+00 8.100e+01 8.453e-04 0.000e+00 7.617e-04 0.000e+00 2.154e-04 7.300e+01 8.100e+01 0.000e+00 2.000e+01 0.000e+00
7.580e+01 7.300e+01 3.816e+00 8.100e+01 8.700e-04 0.000e+00 8.203e-04 0.000e+00 2.200e-04 7.300e+01 8.100e+01 0.000e+00 2.000e+01 0.000e+00
7.540e+01 7.300e+01 3.666e+00 8.100e+01 8.643e-04 0.000e+00 8.014e-04 0.000e+00 2.227e-04 7.300e+01 8.100e+01 0.000e+00 2.000e+01 0.000e+00
7.580e+01 7.300e+01 3.816e+00 8.100e+01 8.428e-04 0.000e+00 8.014e-04 0.000e+00 2.137e-04 7.300e+01 8.100e+01 0.000e+00 2.000e+01 0.000e+00
7.580e+01 7.300e+01 3.816e+00 8.100e+01 8.599e-04 0.000e+00 8.014e-04 0.000e+00 2.252e-04 7.300e+01 8.100e+01 0.000e+00 2.000e+01 0.000e+00
7.540e+01 7.300e+01 3.666e+00 8.100e+01 8.488e-04 0.000e+00 7.877e-04 0.000e+00 2.322e-04 7.300e+01 8.100e+01 0.000e+00 2.000e+01 0.000e+00
7.580e+01 7.300e+01 3.816e+00 8.100e+01 8.321e-04 0.000e+00 7.530e-04 0.000e+00 2.219e-04 7.300e+01 8.100e+01 0.000e+00 2.000e+01 0.000e+00
7.580e+01 7.300e+01 3.816e+00 8.100e+01 8.742e-04 0.000e+00 7.960e-04 0.000e+00 2.306e-04 7.300e+01 8.100e+01 0.000e+00 2.000e+01 0.000e+00
7.540e+01 7.300e+01 3.666e+00 8.100e+01 8.862e-04 0.000e+00 8.153e-04 0.000e+00 2.276e-04 7.300e+01 8.100e+01 0.000e+00 2.000e+01 0.000e+00
7.580e+01 7.300e+01 3.816e+00 8.100e+01 8.994e-04 0.000e+00 8.445e-04 0.000e+00 2.058e-04 7.300e+01 8.100e+01 0.000e+00 2.000e+01 0.000e+00
7.580e+01 7.300e+01 3.816e+00 8.100e+01 9.646e-04 0.000e+00 9.468e-04 0.000e+00 1.843e-04 7.300e+01 8.100e+01 0.000e+00 2.000e+01 0.000e+00
7.540e+01 7.300e+01 3.666e+00 8.100e+01 9.411e-04 0.000e+00 9.148e-04 0.000e+00 2.006e-04 7.300e+01 8.100e+01 0.000e+00 2.000e+01 0.000e+00
7.590e+01 7.300e+01 3.754e+00 8.100e+01 9.012e-04 0.000e+00 9.468e-04 0.000e+00 3.207e-04 7.300e+01 8.100e+01 0.000e+00 2.000e+01 0.000e+00
7.590e+01 7.300e+01 3.754e+00 8.100e+01 9.338e-04 0.000e+00 1.013e-03 0.000e+00 3.413e-04 7.300e+01 8.100e+01 0.000e+00 2.000e+01 0.000e+00
7.625e+01 7.300e+01 4.471e+00 8.135e+01 9.591e-04 0.000e+00 1.066e-03 0.000e+00 3.840e-04 7.300e+01 8.800e+01 0.000e+00 2.000e+01 0.000e+00
7.635e+01 7.400e+01 4.408e+00 8.135e+01 9.398e-04 0.000e+00 1.067e-03 0.000e+00 4.725e-04 7.300e+01 8.800e+01 0.000e+00 2.000e+01 0.000e+00
7.660e+01 7.300e+01 5.064e+00 8.800e+01 1.033e-03 0.000e+00 1.108e-03 0.000e+00 4.203e-04 7.300e+01 8.800e+01 0.000e+00 2.000e+01 0.000e+00
7.760e+01 7.350e+01 5.817e+00 8.800e+01 1.111e-03 0.000e+00 1.155e-03 0.000e+00 4.277e-04 7.300e+01 8.800e+01 0.000e+00 2.000e+01 0.000e+00
7.690e+01 7.350e+01 5.347e+00 8.705e+01 1.044e-03 0.000e+00 1.137e-03 0.000e+00 5.171e-04 7.300e+01 8.800e+01 0.000e+00 2.000e+01 0.000e+00
7.725e+01 7.350e+01 5.375e+00 8.705e+01 1.035e-03 0.000e+00 1.110e-03 0.000e+00 4.699e-04 7.300e+01 8.800e+01 0.000e+00 2.000e+01 0.000e+00
7.690e+01 7.350e+01 4.867e+00 8.700e+01 1.006e-03 0.000e+00 1.086e-03 0.000e+00 4.577e-04 7.300e+01 8.700e+01 0.000e+00 2.000e+01 0.000e+00
7.550e+01 7.300e+01 3.612e+00 8.100e+01 9.035e-04 0.000e+00 9.519e-04 0.000e+00 4.165e-04 7.300e+01 8.100e+01 0.000e+00 2.000e+01 0.000e+00
7.590e+01 7.300e+01 3.754e+00 8.100e+01 8.694e-04 0.000e+00 9.519e-04 0.000e+00 3.794e-04 7.300e+01 8.100e+01 0.000e+00 2.000e+01 0.000e+00
7.585e+01 7.300e+01 3.785e+00 8.100e+01 9.535e-04 0.000e+00 1.053e-03 0.000e+00 4.018e-04 7.300e+01 8.100e+01 0.000e+00 2.000e+01 0.000e+00
7.620e+01 7.300e+01 4.343e+00 8.130e+01 9.677e-04 0.000e+00 1.065e-03 0.000e+00 4.586e-04 7.300e+01 8.700e+01 0.000e+00 2.000e+01 0.000e+00
7.630e+01 7.400e+01 4.279e+00 8.130e+01 9.448e-04 0.000e+00 1.096e-03 0.000e+00 5.365e-04 7.300e+01 8.700e+01 0.000e+00 2.000e+01 0.000e+00
7.655e+01 7.350e+01 4.811e+00 8.700e+01 1.032e-03 0.000e+00 1.206e-03 0.000e+00 5.266e-04 7.300e+01 8.700e+01 0.000e+00 2.000e+01 0.000e+00
7.655e+01 7.350e+01 4.811e+00 8.700e+01 9.701e-04 0.000e+00 1.083e-03 0.000e+00 4.904e-04 7.300e+01 8.700e+01 0.000e+00 2.000e+01 0.000e+00
7.620e+01 7.300e+01 4.343e+00 8.130e+01 9.377e-04 0.000e+00 1.002e-03 0.000e+00 4.241e-04 7.300e+01 8.700e+01 0.000e+00 2.000e+01 0.000e+00
7.610e+01 7.300e+01 4.403e+00 8.130e+01 9.919e-04 0.000e+00 1.002e-03 0.000e+00 3.791e-04 7.300e+01 8.700e+01 0.000e+00 2.000e+01 0.000e+00
7.610e+01 7.300e+01 4.403e+00 8.130e+01 9.787e-04 0.000e+00 1.001e-03 0.000e+00 3.618e-04 7.300e+01 8.700e+01 0.000e+00 2.000e+01 0.000e+00
7.615e+01 7.300e+01 4.373e+00 8.130e+01 9.720e-04 0.000e+00 1.112e-03 0.000e+00 4.382e-04 7.300e+01 8.700e+01 0.000e+00 2.000e+01 0.000e+00
7.650e+01 7.300e+01 4.843e+00 8.700e+01 9.945e-04 0.000e+00 1.144e-03 0.000e+00 4.896e-04 7.300e+01 8.700e+01 0.000e+00 2.000e+01 0.000e+00
7.695e+01 7.400e+01 4.832e+00 8.700e+01 9.913e-04 0.000e+00 1.114e-03 0.000e+00 5.043e-04 7.300e+01 8.700e+01 0.000e+00 2.000e+01 0.000e+00
7.625e+01 7.350e+01 4.311e+00 8.130e+01 9.621e-04 0.000e+00 1.083e-03 0.000e+00 4.525e-04 7.300e+01 8.700e+01 0.000e+00 2.000e+01 0.000e+00
7.625e+01 7.350e+01 4.311e+00 8.130e+01 9.437e-04 0.000e+00 1.058e-03 0.000e+00 4.178e-04 7.300e+01 8.700e+01 0.000e+00 2.000e+01 0.000e+00
7.620e+01 7.300e+01 4.343e+00 8.130e+01 9.788e-04 0.000e+00 1.058e-03 0.000e+00 4.215e-04 7.300e+01 8.700e+01 0.000e+00 2.000e+01 0.000e+00
7.615e+01 7.300e+01 4.373e+00 8.130e+01 9.944e-04 0.000e+00 1.066e-03 0.000e+00 3.669e-04 7.300e+01 8.700e+01 0.000e+00 2.000e+01 0.000e+00
7.690e+01 7.350e+01 4.867e+00 8.700e+01 1.027e-03 0.000e+00 1.106e-03 0.000e+00 4.429e-04 7.300e+01 8.700e+01 0.000e+00 2.000e+01 0.000e+00
7.645e+01 7.300e+01 4.873e+00 8.700e+01 1.055e-03 0.000e+00 1.135e-03 0.000e+00 4.074e-04 7.300e+01 8.700e+01 0.000e+00 2.000e+01 0.000e+00
7.615e+01 7.300e+01 4.373e+00 8.130e+01 9.750e-04 0.000e+00 9.170e-04 0.000e+00 3.502e-04 7.300e+01 8.700e+01 0.000e+00 2.000e+01 0.000e+00
7.615e+01 7.300e+01 4.373e+00 8.130e+01 9.527e-04 0.000e+00 8.968e-04 0.000e+00 3.249e-04 7.300e+01 8.700e+01 0.000e+00 2.000e+01 0.000e+00
7.540e+01 7.300e+01 3.666e+00 8.100e+01 9.529e-04 0.000e+00 9.207e-04 0.000e+00 2.693e-04 7.300e+01 8.100e+01 0.000e+00 2.000e+01 0.000e+00
7.590e+01 7.300e+01 3.754e+00 8.100e+01 9.186e-04 0.000e+00 9.664e-04 0.000e+00 3.669e-04 7.300e+01 8.100e+01 0.000e+00 2.000e+01 0.000e+00
7.655e+01 7.300e+01 4.955e+00 8.705e+01 1.080e-03 0.000e+00 1.151e-03 0.000e+00 4.507e-04 7.300e+01 8.800e+01 0.000e+00 2.000e+01 0.000e+00
7.660e+01 7.350e+01 4.923e+00 8.705e+01 1.045e-03 0.000e+00 1.173e-03 0.000e+00 5.248e-04 7.300e+01 8.800e+01 0.000e+00 2.000e+01 0.000e+00
7.760e+01 7.400e+01 5.696e+00 8.705e+01 1.140e-03 0.000e+00 1.213e-03 0.000e+00 5.237e-04 7.300e+01 8.800e+01 0.000e+00 2.000e+01 0.000e+00
7.715e+01 7.300e+01 5.756e+00 8.705e+01 1.233e-03 0.000e+00 1.352e-03 0.000e+00 4.817e-04 7.300e+01 8.800e+01 0.000e+00 2.000e+01 0.000e+00
7.650e+01 7.300e+01 4.843e+00 8.700e+01 1.096e-03 0.000e+00 1.213e-03 0.000e+00 5.147e-04 7.300e+01 8.700e+01 0.000e+00 2.000e+01 0.000e+00
7.675e+01 7.300e+01 5.309e+00 8.700e+01 1.157e-03 0.000e+00 1.200e-03 0.000e+00 4.449e-04 7.300e+01 8.700e+01 0.000e+00 2.000e+01 0.000e+00
7.615e+01 7.300e+01 4.373e+00 8.130e+01 1.058e-03 0.000e+00 1.110e-03 0.000e+00 4.241e-04 7.300e+01 8.700e+01 0.000e+00 2.000e+01 0.000e+00
7.680e+01 7.300e+01 4.936e+00 8.700e+01 1.071e-03 0.000e+00 1.082e-03 0.000e+00 3.842e-04 7.300e+01 8.700e+01 0.000e+00 2.000e+01 0.000e+00
7.680e+01 7.300e+01 4.936e+00 8.700e+01 1.076e-03 0.000e+00 1.050e-03 0.000e+00 2.955e-04 7.300e+01 8.700e+01 0.000e+00 2.000e+01 0.000e+00
7.615e+01 7.300e+01 4.373e+00 8.130e+01 1.101e-03 0.000e+00 1.056e-03 0.000e+00 3.632e-04 7.300e+01 8.700e+01 0.000e+00 2.000e+01 0.000e+00
7.650e+01 7.300e+01 4.843e+00 8.700e+01 1.091e-03 0.000e+00 1.149e-03 0.000e+00 4.043e-04 7.300e+01 8.700e+01 0.000e+00 2.000e+01 0.000e+00
7.660e+01 7.350e+01 4.923e+00 8.705e+01 1.062e-03 0.000e+00 1.157e-03 0.000e+00 4.249e-04 7.300e+01 8.800e+01 0.000e+00 2.000e+01 0.000e+00
7.720e+01 7.350e+01 5.724e+00 8.705e+01 1.193e-03 0.000e+00 1.245e-03 0.000e+00 4.618e-04 7.300e+01 8.800e+01 0.000e+00 2.000e+01 0.000e+00
7.755e+01 7.350e+01 5.731e+00 8.705e+01 1.097e-03 0.000e+00 1.212e-03 0.000e+00 4.342e-04 7.300e+01 8.800e+01 0.000e+00 2.000e+01 0.000e+00
7.720e+01 7.300e+01 5.409e+00 8.705e+01 1.081e-03 0.000e+00 1.119e-03 0.000e+00 3.926e-04 7.300e+01 8.800e+01 0.000e+00 2.000e+01 0.000e+00
7.640e+01 7.300e+01 4.903e+00 8.700e+01 1.049e-03 0.000e+00 1.062e-03 0.000e+00 3.340e-04 7.300e+01 8.700e+01 0.000e+00 2.000e+01 0.000e+00
7.580e+01 7.300e+01 3.816e+00 8.100e+01 8.733e-04 0.000e+00 8.512e-04 0.000e+00 2.132e-04 7.300e+01 8.100e+01 0.000e+00 2.000e+01 0.000e+00
7.580e+01 7.300e+01 3.816e+00 8.100e+01 8.862e-04 0.000e+00 8.512e-04 0.000e+00 2.181e-04 7.300e+01 8.100e+01 0.000e+00 2.000e+01 0.000e+00
7.540e+01 7.300e+01 3.666e+00 8.100e+01 8.768e-04 0.000e+00 8.316e-04 0.000e+00 2.205e-04 7.300e+01 8.100e+01 0.000e+00 2.000e+01 0.000e+00
7.615e+01 7.300e+01 4.531e+00 8.135e+01 9.306e-04 0.000e+00 8.056e-04 0.000e+00 3.211e-04 7.300e+01 8.800e+01 0.000e+00 2.000e+01 0.000e+00
7.625e+01 7.300e+01 4.471e+00 8.135e+01 9.188e-04 0.000e+00 9.334e-04 0.000e+00 4.124e-04 7.300e+01 8.800e+01 0.000e+00 2.000e+01 0.000e+00
7.625e+01 7.300e+01 4.471e+00 8.135e+01 9.468e-04 0.000e+00 9.747e-04 0.000e+00 4.194e-04 7.300e+01 8.800e+01 0.000e+00 2.000e+01 0.000e+00
7.625e+01 7.300e+01 4.471e+00 8.135e+01 9.653e-04 0.000e+00 9.747e-04 0.000e+00 4.173e-04 7.300e+01 8.800e+01 0.000e+00 2.000e+01 0.000e+00
7.590e+01 7.300e+01 3.754e+00 8.100e+01 8.879e-04 0.000e+00 8.863e-04 0.000e+00 3.519e-04 7.300e+01 8.100e+01 0.000e+00 2.000e+01 0.000e+00
7.580e+01 7.300e+01 3.816e+00 8.100e+01 9.241e-04 0.000e+00 8.483e-04 0.000e+00 2.341e-04 7.300e+01 8.100e+01 0.000e+00 2.000e+01 0.000e+00
7.540e+01 7.300e+01 3.666e+00 8.100e+01 9.012e-04 0.000e+00 8.370e-04 0.000e+00 2.165e-04 7.300e+01 8.100e+01 0.000e+00 2.000e+01 0.000e+00
7.580e+01 7.300e+01 3.816e+00 8.100e+01 8.669e-04 0.000e+00 8.221e-04 0.000e+00 2.071e-04 7.300e+01 8.100e+01 0.000e+00 2.000e+01 0.000e+00
7.580e+01 7.300e+01 3.816e+00 8.100e+01 8.768e-04 0.000e+00 8.221e-04 0.000e+00 2.072e-04 7.300e+01 8.100e+01 0.000e+00 2.000e+01 0.000e+00
7.540e+01 7.300e+01 3.666e+00 8.100e+01 8.680e-04 0.000e+00 8.147e-04 0.000e+00 2.097e-04 7.300e+01 8.100e+01 0.000e+00 2.000e+01 0.000e+00
7.580e+01 7.300e+01 3.816e+00 8.100e+01 8.676e-04 0.000e+00 8.507e-04 0.000e+00 1.898e-04 7.300e+01 8.100e+01 0.000e+00 2.000e+01 0.000e+00
7.580e+01 7.300e+01 3.816e+00 8.100e+01 9.114e-04 0.000e+00 8.801e-04 0.000e+00 1.884e-04 7.300e+01 8.100e+01 0.000e+00 2.000e+01 0.000e+00
7.540e+01 7.300e+01 3.666e+00 8.100e+01 9.112e-04 0.000e+00 8.854e-04 0.000e+00 1.917e-04 7.300e+01 8.100e+01 0.000e+00 2.000e+01 0.000e+00
7.580e+01 7.300e+01 3.816e+00 8.100e+01 8.969e-04 0.000e+00 8.801e-04 0.000e+00 1.857e-04 7.300e+01 8.100e+01 0.000e+00 2.000e+01 0.000e+00
7.580e+01 7.300e+01 3.816e+00 8.100e+01 8.984e-04 0.000e+00 8.628e-04 0.000e+00 2.008e-04 7.300e+01 8.100e+01 0.000e+00 2.000e+01 0.000e+00
7.540e+01 7.300e+01 3.666e+00 8.100e+01 8.611e-04 0.000e+00 7.781e-04 0.000e+00 2.093e-04 7.300e+01 8.100e+01 0.000e+00 2.000e+01 0.000e+00
7.580e+01 7.300e+01 3.816e+00 8.100e+01 8.409e-04 0.000e+00 7.524e-04 0.000e+00 1.976e-04 7.300e+01 8.100e+01 0.000e+00 2.000e+01 0.000e+00
7.580e+01 7.300e+01 3.816e+00 8.100e+01 8.909e-04 0.000e+00 8.054e-04 0.000e+00 2.000e-04 7.300e+01 8.100e+01 0.000e+00 2.000e+01 0.000e+00
7.540e+01 7.300e+01 3.666e+00 8.100e+01 8.829e-04 0.000e+00 8.098e-04 0.000e+00 2.011e-04 7.300e+01 8.100e+01 0.000e+00 2.000e+01 0.000e+00
7.580e+01 7.300e+01 3.816e+00 8.100e+01 8.834e-04 0.000e+00 8.293e-04 0.000e+00 1.899e-04 7.300e+01 8.100e+01 0.000e+00 2.000e+01 0.000e+00
7.580e+01 7.300e+01 3.816e+00 8.100e+01 9.042e-04 0.000e+00 8.571e-04 0.000e+00 1.933e-04 7.300e+01 8.100e+01 0.000e+00 2.000e+01 0.000e+00
7.540e+01 7.300e+01 3.666e+00 8.100e+01 8.719e-04 0.000e+00 8.125e-04 0.000e+00 2.000e-04 7.300e+01 8.100e+01 0.000e+00 2.000e+01 0.000e+00
7.580e+01 7.300e+01 3.816e+00 8.100e+01 8.559e-04 0.000e+00 8.125e-04 0.000e+00 1.906e-04 7.300e+01 8.100e+01 0.000e+00 2.000e+01 0.000e+00
7.580e+01 7.300e+01 3.816e+00 8.100e+01 8.628e-04 0.000e+00 8.043e-04 0.000e+00 2.038e-04 7.300e+01 8.100e+01 0.000e+00 2.000e+01 0.000e+00
7.540e+01 7.300e+01 3.666e+00 8.100e+01 8.835e-04 0.000e+00 8.224e-04 0.000e+00 2.153e-04 7.300e+01 8.100e+01 0.000e+00 2.000e+01 0.000e+00
7.580e+01 7.300e+01 3.816e+00 8.100e+01 8.586e-04 0.000e+00 8.177e-04 0.000e+00 2.208e-04 7.300e+01 8.100e+01 0.000e+00 2.000e+01 0.000e+00
7.580e+01 7.300e+01 3.816e+00 8.100e+01 8.844e-04 0.000e+00 8.631e-04 0.000e+00 2.281e-04 7.300e+01 8.100e+01 0.000e+00 2.000e+01 0.000e+00
7.540e+01 7.300e+01 3.666e+00 8.100e+01 8.768e-04 0.000e+00 8.583e-04 0.000e+00 2.285e-04 7.300e+01 8.100e+01 0.000e+00 2.000e+01 0.000e+00
7.580e+01 7.300e+01 3.816e+00 8.100e+01 8.307e-04 0.000e+00 7.707e-04 0.000e+00 2.199e-04 7.300e+01 8.100e+01 0.000e+00 2.000e+01 0.000e+00
7.535e+01 7.300e+01 3.705e+00 8.100e+01 8.237e-04 0.000e+00 7.485e-04 0.000e+00 2.307e-04 7.200e+01 8.100e+01 0.000e+00 2.000e+01 0.000e+00
7.535e+01 7.300e+01 3.705e+00 8.100e+01 8.016e-04 0.000e+00 7.410e-04 0.000e+00 2.182e-04 7.200e+01 8.100e+01 0.000e+00 2.000e+01 0.000e+00
7.575e+01 7.300e+01 3.858e+00 8.100e+01 8.268e-04 0.000e+00 7.806e-04 0.000e+00 2.253e-04 7.200e+01 8.100e+01 0.000e+00 2.000e+01 0.000e+00
7.610e+01 7.300e+01 4.415e+00 8.130e+01 8.936e-04 0.000e+00 8.787e-04 0.000e+00 3.297e-04 7.200e+01 8.700e+01 0.000e+00 2.000e+01 0.000e+00
7.615e+01 7.300e+01 4.373e+00 8.130e+01 9.205e-04 0.000e+00 9.146e-04 0.000e+00 3.189e-04 7.300e+01 8.700e+01 0.000e+00 2.000e+01 0.000e+00
7.615e+01 7.300e+01 4.373e+00 8.130e+01 9.318e-04 0.000e+00 9.459e-04 0.000e+00 3.147e-04 7.300e+01 8.700e+01 0.000e+00 2.000e+01 0.000e+00
7.615e+01 7.300e+01 4.373e+00 8.130e+01 9.188e-04 0.000e+00 8.651e-04 0.000e+00 3.100e-04 7.300e+01 8.700e+01 0.000e+00 2.000e+01 0.000e+00
7.540e+01 7.300e+01 3.666e+00 8.100e+01 8.730e-04 0.000e+00 8.223e-04 0.000e+00 1.974e-04 7.300e+01 8.100e+01 0.000e+00 2.000e+01 0.000e+00
7.580e+01 7.300e+01 3.816e+00 8.100e+01 8.616e-04 0.000e+00 7.883e-04 0.000e+00 1.896e-04 7.300e+01 8.100e+01 0.000e+00 2.000e+01 0.000e+00
7.580e+01 7.300e+01 3.816e+00 8.100e+01 8.905e-04 0.000e+00 8.302e-04 0.000e+00 1.967e-04 7.300e+01 8.100e+01 0.000e+00 2.000e+01 0.000e+00
7.540e+01 7.300e+01 3.666e+00 8.100e+01 8.786e-04 0.000e+00 8.230e-04 0.000e+00 2.076e-04 7.300e+01 8.100e+01 0.000e+00 2.000e+01 0.000e+00
7.580e+01 7.300e+01 3.816e+00 8.100e+01 8.566e-04 0.000e+00 8.230e-04 0.000e+00 2.108e-04 7.300e+01 8.100e+01 0.000e+00 2.000e+01 0.000e+00
7.580e+01 7.300e+01 3.816e+00 8.100e+01 8.756e-04 0.000e+00 8.410e-04 0.000e+00 2.152e-04 7.300e+01 8.100e+01 0.000e+00 2.000e+01 0.000e+00
7.545e+01 7.300e+01 3.640e+00 8.100e+01 8.637e-04 0.000e+00 8.279e-04 0.000e+00 3.125e-04 7.300e+01 8.100e+01 0.000e+00 2.000e+01 0.000e+00
7.585e+01 7.300e+01 3.785e+00 8.100e+01 8.588e-04 0.000e+00 7.938e-04 0.000e+00 3.116e-04 7.300e+01 8.100e+01 0.000e+00 2.000e+01 0.000e+00
7.590e+01 7.300e+01 3.754e+00 8.100e+01 8.996e-04 0.000e+00 9.687e-04 0.000e+00 3.725e-04 7.300e+01 8.100e+01 0.000e+00 2.000e+01 0.000e+00
7.550e+01 7.300e+01 3.612e+00 8.100e+01 9.100e-04 0.000e+00 9.687e-04 0.000e+00 3.711e-04 7.300e+01 8.100e+01 0.000e+00 2.000e+01 0.000e+00
7.585e+01 7.300e+01 3.785e+00 8.100e+01 8.786e-04 0.000e+00 8.574e-04 0.000e+00 2.968e-04 7.300e+01 8.100e+01 0.000e+00 2.000e+01 0.000e+00
7.585e+01 7.300e+01 3.785e+00 8.100e+01 8.857e-04 0.000e+00 8.574e-04 0.000e+00 2.975e-04 7.300e+01 8.100e+01 0.000e+00 2.000e+01 0.000e+00
7.540e+01 7.300e+01 3.666e+00 8.100e+01 8.623e-04 0.000e+00 7.859e-04 0.000e+00 2.255e-04 7.300e+01 8.100e+01 0.000e+00 2.000e+01 0.000e+00
7.585e+01 7.300e+01 3.785e+00 8.100e+01 8.207e-04 0.000e+00 7.551e-04 0.000e+00 2.684e-04 7.300e+01 8.100e+01 0.000e+00 2.000e+01 0.000e+00
7.620e+01 7.300e+01 4.343e+00 8.130e+01 8.891e-04 0.000e+00 9.079e-04 0.000e+00 3.772e-04 7.300e+01 8.700e+01 0.000e+00 2.000e+01 0.000e+00
7.620e+01 7.300e+01 4.343e+00 8.130e+01 9.313e-04 0.000e+00 9.909e-04 0.000e+00 3.998e-04 7.300e+01 8.700e+01 0.000e+00 2.000e+01 0.000e+00
7.625e+01 7.350e+01 4.311e+00 8.130e+01 9.445e-04 0.000e+00 1.015e-03 0.000e+00 4.459e-04 7.300e+01 8.700e+01 0.000e+00 2.000e+01 0.000e+00
7.625e+01 7.350e+01 4.311e+00 8.130e+01 9.747e-04 0.000e+00 1.015e-03 0.000e+00 4.669e-04 7.300e+01 8.700e+01 0.000e+00 2.000e+01 0.000e+00
7.590e+01 7.300e+01 3.754e+00 8.100e+01 9.245e-04 0.000e+00 9.829e-04 0.000e+00 3.997e-04 7.300e+01 8.100e+01 0.000e+00 2.000e+01 0.000e+00
7.550e+01 7.300e+01 3.612e+00 8.100e+01 8.878e-04 0.000e+00 9.028e-04 0.000e+00 3.779e-04 7.300e+01 8.100e+01 0.000e+00 2.000e+01 0.000e+00
7.585e+01 7.300e+01 3.785e+00 8.100e+01 8.776e-04 0.000e+00 8.444e-04 0.000e+00 3.073e-04 7.300e+01 8.100e+01 0.000e+00 2.000e+01 0.000e+00
7.540e+01 7.300e+01 3.666e+00 8.100e+01 9.686e-04 0.000e+00 8.951e-04 0.000e+00 2.668e-04 7.300e+01 8.100e+01 0.000e+00 2.000e+01 0.000e+00
7.540e+01 7.300e+01 3.666e+00 8.100e+01 1.041e-03 0.000e+00 1.140e-03 0.000e+00 2.769e-04 7.300e+01 8.100e+01 0.000e+00 2.000e+01 0.000e+00
7.545e+01 7.300e+01 3.640e+00 8.100e+01 1.030e-03 0.000e+00 1.132e-03 0.000e+00 3.467e-04 7.300e+01 8.100e+01 0.000e+00 2.000e+01 0.000e+00
7.545e+01 7.300e+01 3.640e+00 8.100e+01 1.015e-03 0.000e+00 1.132e-03 0.000e+00 3.664e-04 7.300e+01 8.100e+01 0.000e+00 2.000e+01 0.000e+00
7.585e+01 7.300e+01 3.785e+00 8.100e+01 9.289e-04 0.000e+00 1.001e-03 0.000e+00 3.406e-04 7.300e+01 8.100e+01 0.000e+00 2.000e+01 0.000e+00
7.545e+01 7.300e+01 3.640e+00 8.100e+01 8.575e-04 0.000e+00 8.277e-04 0.000e+00 3.122e-04 7.300e+01 8.100e+01 0.000e+00 2.000e+01 0.000e+00
7.580e+01 7.300e+01 3.816e+00 8.100e+01 8.494e-04 0.000e+00 8.020e-04 0.000e+00 2.286e-04 7.300e+01 8.100e+01 0.000e+00 2.000e+01 0.000e+00
7.580e+01 7.300e+01 3.816e+00 8.100e+01 8.685e-04 0.000e+00 8.277e-04 0.000e+00 2.204e-04 7.300e+01 8.100e+01 0.000e+00 2.000e+01 0.000e+00
7.540e+01 7.300e+01 3.666e+00 8.100e+01 8.635e-04 0.000e+00 7.812e-04 0.000e+00 2.521e-04 7.300e+01 8.100e+01 0.000e+00 2.000e+01 0.000e+00
7.580e+01 7.300e+01 3.816e+00 8.100e+01 9.001e-04 0.000e+00 8.056e-04 0.000e+00 2.939e-04 7.300e+01 8.100e+01 0.000e+00 2.000e+01 0.000e+00
7.580e+01 7.300e+01 3.816e+00 8.100e+01 9.567e-04 0.000e+00 9.050e-04 0.000e+00 2.908e-04 7.300e+01 8.100e+01 0.000e+00 2.000e+01 0.000e+00
7.540e+01 7.300e+01 3.666e+00 8.100e+01 9.575e-04 0.000e+00 9.018e-04 0.000e+00 2.894e-04 7.300e+01 8.100e+01 0.000e+00 2.000e+01 0.000e+00
7.580e+01 7.300e+01 3.816e+00 8.100e+01 9.356e-04 0.000e+00 8.520e-04 0.000e+00 2.716e-04 7.300e+01 8.100e+01 0.000e+00 2.000e+01 0.000e+00
7.580e+01 7.300e+01 3.816e+00 8.100e+01 8.986e-04 0.000e+00 8.458e-04 0.000e+00 2.320e-04 7.300e+01 8.100e+01 0.000e+00 2.000e+01 0.000e+00
7.540e+01 7.300e+01 3.666e+00 8.100e+01 8.548e-04 0.000e+00 7.548e-04 0.000e+00 2.378e-04 7.300e+01 8.100e+01 0.000e+00 2.000e+01 0.000e+00
7.580e+01 7.300e+01 3.816e+00 8.100e+01 8.413e-04 0.000e+00 7.807e-04 0.000e+00 2.226e-04 7.300e+01 8.100e+01 0.000e+00 2.000e+01 0.000e+00
7.575e+01 7.300e+01 4.437e+00 8.135e+01 1.014e-03 0.000e+00 9.775e-04 0.000e+00 3.762e-04 7.300e+01 8.800e+01 0.000e+00 2.000e+01 0.000e+00
7.610e+01 7.300e+01 5.069e+00 8.800e+01 1.075e-03 0.000e+00 1.152e-03 0.000e+00 4.119e-04 7.300e+01 8.800e+01 0.000e+00 2.000e+01 0.000e+00
7.650e+01 7.300e+01 5.123e+00 8.800e+01 1.065e-03 0.000e+00 1.110e-03 0.000e+00 4.097e-04 7.300e+01 8.800e+01 0.000e+00 2.000e+01 0.000e+00
7.650e+01 7.300e+01 5.123e+00 8.800e+01 1.081e-03 0.000e+00 1.131e-03 0.000e+00 4.065e-04 7.300e+01 8.800e+01 0.000e+00 2.000e+01 0.000e+00
7.615e+01 7.300e+01 4.531e+00 8.135e+01 9.238e-04 0.000e+00 8.889e-04 0.000e+00 3.132e-04 7.300e+01 8.800e+01 0.000e+00 2.000e+01 0.000e+00
7.580e+01 7.300e+01 3.816e+00 8.100e+01 8.549e-04 0.000e+00 8.252e-04 0.000e+00 2.093e-04 7.300e+01 8.100e+01 0.000e+00 2.000e+01 0.000e+00
7.580e+01 7.300e+01 3.816e+00 8.100e+01 8.853e-04 0.000e+00 8.324e-04 0.000e+00 2.116e-04 7.300e+01 8.100e+01 0.000e+00 2.000e+01 0.000e+00
7.540e+01 7.300e+01 3.666e+00 8.100e+01 8.780e-04 0.000e+00 8.342e-04 0.000e+00 2.211e-04 7.300e+01 8.100e+01 0.000e+00 2.000e+01 0.000e+00
7.585e+01 7.300e+01 3.785e+00 8.100e+01 8.545e-04 0.000e+00 8.342e-04 0.000e+00 2.755e-04 7.300e+01 8.100e+01 0.000e+00 2.000e+01 0.000e+00
7.590e+01 7.300e+01 3.754e+00 8.100e+01 8.985e-04 0.000e+00 1.002e-03 0.000e+00 3.731e-04 7.300e+01 8.100e+01 0.000e+00 2.000e+01 0.000e+00
7.550e+01 7.300e+01 3.612e+00 8.100e+01 8.717e-04 0.000e+00 9.130e-04 0.000e+00 3.818e-04 7.300e+01 8.100e+01 0.000e+00 2.000e+01 0.000e+00
7.590e+01 7.300e+01 3.754e+00 8.100e+01 8.544e-04 0.000e+00 8.026e-04 0.000e+00 3.794e-04 7.300e+01 8.100e+01 0.000e+00 2.000e+01 0.000e+00
7.585e+01 7.300e+01 3.785e+00 8.100e+01 8.977e-04 0.000e+00 9.091e-04 0.000e+00 3.341e-04 7.300e+01 8.100e+01 0.000e+00 2.000e+01 0.000e+00
7.540e+01 7.300e+01 3.666e+00 8.100e+01 8.710e-04 0.000e+00 8.444e-04 0.000e+00 2.350e-04 7.300e+01 8.100e+01 0.000e+00 2.000e+01 0.000e+00
7.580e+01 7.300e+01 3.816e+00 8.100e+01 8.564e-04 0.000e+00 8.346e-04 0.000e+00 2.264e-04 7.300e+01 8.100e+01 0.000e+00 2.000e+01 0.000e+00
7.540e+01 7.300e+01 3.666e+00 8.100e+01 9.591e-04 0.000e+00 9.680e-04 0.000e+00 2.809e-04 7.300e+01 8.100e+01 0.000e+00 2.000e+01 0.000e+00
7.580e+01 7.300e+01 4.411e+00 8.135e+01 1.004e-03 0.000e+00 1.081e-03 0.000e+00 3.751e-04 7.300e+01 8.800e+01 0.000e+00 2.000e+01 0.000e+00
7.585e+01 7.300e+01 4.385e+00 8.135e+01 1.050e-03 0.000e+00 1.163e-03 0.000e+00 4.329e-04 7.300e+01 8.800e+01 0.000e+00 2.000e+01 0.000e+00
7.545e+01 7.300e+01 4.260e+00 8.135e+01 1.125e-03 0.000e+00 1.242e-03 0.000e+00 4.134e-04 7.300e+01 8.800e+01 0.000e+00 2.000e+01 0.000e+00
7.590e+01 7.300e+01 4.358e+00 8.135e+01 1.089e-03 0.000e+00 1.208e-03 0.000e+00 4.838e-04 7.300e+01 8.800e+01 0.000e+00 2.000e+01 0.000e+00
7.560e+01 7.350e+01 3.555e+00 8.100e+01 1.001e-03 0.000e+00 1.131e-03 0.000e+00 5.048e-04 7.300e+01 8.100e+01 0.000e+00 2.000e+01 0.000e+00
7.590e+01 7.300e+01 4.358e+00 8.135e+01 1.061e-03 0.000e+00 1.162e-03 0.000e+00 4.736e-04 7.300e+01 8.800e+01 0.000e+00 2.000e+01 0.000e+00
7.635e+01 7.400e+01 4.408e+00 8.135e+01 1.009e-03 0.000e+00 1.162e-03 0.000e+00 5.325e-04 7.300e+01 8.800e+01 0.000e+00 2.000e+01 0.000e+00
7.595e+01 7.350e+01 4.330e+00 8.135e+01 1.007e-03 0.000e+00 1.171e-03 0.000e+00 5.143e-04 7.300e+01 8.800e+01 0.000e+00 2.000e+01 0.000e+00
7.585e+01 7.300e+01 4.385e+00 8.135e+01 1.013e-03 0.000e+00 1.171e-03 0.000e+00 4.512e-04 7.300e+01 8.800e+01 0.000e+00 2.000e+01 0.000e+00
7.590e+01 7.300e+01 3.754e+00 8.100e+01 9.094e-04 0.000e+00 9.353e-04 0.000e+00 4.071e-04 7.300e+01 8.100e+01 0.000e+00 2.000e+01 0.000e+00
7.550e+01 7.300e+01 3.612e+00 8.100e+01 9.720e-04 0.000e+00 9.353e-04 0.000e+00 3.757e-04 7.300e+01 8.100e+01 0.000e+00 2.000e+01 0.000e+00
7.625e+01 7.300e+01 4.471e+00 8.135e+01 9.742e-04 0.000e+00 9.621e-04 0.000e+00 3.712e-04 7.300e+01 8.800e+01 0.000e+00 2.000e+01 0.000e+00
7.655e+01 7.300e+01 4.955e+00 8.705e+01 1.063e-03 0.000e+00 1.131e-03 0.000e+00 3.748e-04 7.300e+01 8.800e+01 0.000e+00 2.000e+01 0.000e+00
7.695e+01 7.350e+01 5.445e+00 8.800e+01 1.126e-03 0.000e+00 1.253e-03 0.000e+00 4.594e-04 7.300e+01 8.800e+01 0.000e+00 2.000e+01 0.000e+00
7.730e+01 7.350e+01 5.469e+00 8.800e+01 1.054e-03 0.000e+00 1.100e-03 0.000e+00 4.446e-04 7.300e+01 8.800e+01 0.000e+00 2.000e+01 0.000e+00
7.690e+01 7.300e+01 5.009e+00 8.705e+01 1.032e-03 0.000e+00 1.058e-03 0.000e+00 3.844e-04 7.300e+01 8.800e+01 0.000e+00 2.000e+01 0.000e+00
7.625e+01 7.300e+01 4.471e+00 8.135e+01 9.997e-04 0.000e+00 1.058e-03 0.000e+00 4.400e-04 7.300e+01 8.800e+01 0.000e+00 2.000e+01 0.000e+00
7.590e+01 7.300e+01 3.754e+00 8.100e+01 9.100e-04 0.000e+00 9.533e-04 0.000e+00 3.879e-04 7.300e+01 8.100e+01 0.000e+00 2.000e+01 0.000e+00
7.595e+01 7.350e+01 3.721e+00 8.100e+01 9.365e-04 0.000e+00 1.066e-03 0.000e+00 4.337e-04 7.300e+01 8.100e+01 0.000e+00 2.000e+01 0.000e+00
7.555e+01 7.300e+01 3.584e+00 8.100e+01 9.185e-04 0.000e+00 1.026e-03 0.000e+00 4.382e-04 7.300e+01 8.100e+01 0.000e+00 2.000e+01 0.000e+00
7.590e+01 7.300e+01 3.754e+00 8.100e+01 8.772e-04 0.000e+00 9.661e-04 0.000e+00 3.595e-04 7.300e+01 8.100e+01 0.000e+00 2.000e+01 0.000e+00
7.590e+01 7.300e+01 3.754e+00 8.100e+01 9.073e-04 0.000e+00 9.882e-04 0.000e+00 3.621e-04 7.300e+01 8.100e+01 0.000e+00 2.000e+01 0.000e+00
7.580e+01 7.300e+01 4.411e+00 8.135e+01 9.649e-04 0.000e+00 1.026e-03 0.000e+00 3.339e-04 7.300e+01 8.800e+01 0.000e+00 2.000e+01 0.000e+00
7.685e+01 7.350e+01 5.228e+00 8.810e+01 1.050e-03 0.000e+00 1.176e-03 0.000e+00 4.014e-04 7.300e+01 9.000e+01 0.000e+00 2.000e+01 0.000e+00
7.715e+01 7.500e+01 5.052e+00 8.810e+01 1.090e-03 0.000e+00 1.176e-03 0.000e+00 3.990e-04 7.300e+01 9.000e+01 0.000e+00 2.000e+01 0.000e+00
7.740e+01 7.500e+01 4.893e+00 8.810e+01 1.038e-03 0.000e+00 1.131e-03 0.000e+00 3.852e-04 7.300e+01 9.000e+01 0.000e+00 2.000e+01 0.000e+00
7.775e+01 7.500e+01 4.060e+00 8.145e+01 9.670e-04 0.000e+00 9.513e-04 0.000e+00 3.829e-04 7.300e+01 9.000e+01 0.000e+00 2.000e+01 0.000e+00
7.710e+01 7.500e+01 2.862e+00 8.100e+01 8.616e-04 0.000e+00 8.192e-04 0.000e+00 3.000e-04 7.500e+01 8.100e+01 0.000e+00 2.000e+01 0.000e+00
7.715e+01 7.500e+01 2.833e+00 8.100e+01 8.055e-04 0.000e+00 7.749e-04 0.000e+00 3.059e-04 7.500e+01 8.100e+01 0.000e+00 2.000e+01 0.000e+00
7.760e+01 7.500e+01 3.734e+00 8.140e+01 8.832e-04 0.000e+00 9.872e-04 0.000e+00 3.830e-04 7.500e+01 8.900e+01 0.000e+00 2.000e+01 0.000e+00
7.730e+01 7.500e+01 3.689e+00 8.140e+01 9.202e-04 0.000e+00 1.074e-03 0.000e+00 4.015e-04 7.500e+01 8.900e+01 0.000e+00 2.000e+01 0.000e+00
7.765e+01 7.550e+01 3.705e+00 8.140e+01 9.339e-04 0.000e+00 1.074e-03 0.000e+00 4.687e-04 7.500e+01 8.900e+01 0.000e+00 2.000e+01 0.000e+00
7.760e+01 7.500e+01 3.734e+00 8.140e+01 9.384e-04 0.000e+00 1.021e-03 0.000e+00 4.480e-04 7.500e+01 8.900e+01 0.000e+00 2.000e+01 0.000e+00
7.715e+01 7.500e+01 2.833e+00 8.100e+01 8.965e-04 0.000e+00 9.201e-04 0.000e+00 3.856e-04 7.500e+01 8.100e+01 0.000e+00 2.000e+01 0.000e+00
7.715e+01 7.500e+01 2.833e+00 8.100e+01 8.473e-04 0.000e+00 8.004e-04 0.000e+00 3.599e-04 7.500e+01 8.100e+01 0.000e+00 2.000e+01 0.000e+00
7.715e+01 7.500e+01 2.833e+00 8.100e+01 8.167e-04 0.000e+00 7.426e-04 0.000e+00 2.731e-04 7.500e+01 8.100e+01 0.000e+00 2.000e+01 0.000e+00
7.755e+01 7.500e+01 3.761e+00 8.140e+01 9.127e-04 0.000e+00 9.049e-04 0.000e+00 3.355e-04 7.500e+01 8.900e+01 0.000e+00 2.000e+01 0.000e+00
7.755e+01 7.500e+01 3.761e+00 8.140e+01 9.112e-04 0.000e+00 9.323e-04 0.000e+00 3.344e-04 7.500e+01 8.900e+01 0.000e+00 2.000e+01 0.000e+00
7.755e+01 7.500e+01 3.761e+00 8.140e+01 9.588e-04 0.000e+00 1.052e-03 0.000e+00 3.800e-04 7.500e+01 8.900e+01 0.000e+00 2.000e+01 0.000e+00
7.755e+01 7.500e+01 3.761e+00 8.140e+01 9.722e-04 0.000e+00 1.035e-03 0.000e+00 4.031e-04 7.500e+01 8.900e+01 0.000e+00 2.000e+01 0.000e+00
7.715e+01 7.500e+01 2.833e+00 8.100e+01 9.008e-04 0.000e+00 8.842e-04 0.000e+00 3.617e-04 7.500e+01 8.100e+01 0.000e+00 2.000e+01 0.000e+00
7.685e+01 7.500e+01 2.725e+00 8.100e+01 9.077e-04 0.000e+00 8.723e-04 0.000e+00 3.580e-04 7.500e+01 8.100e+01 0.000e+00 2.000e+01 0.000e+00
7.755e+01 7.500e+01 3.761e+00 8.140e+01 9.295e-04 0.000e+00 8.866e-04 0.000e+00 3.226e-04 7.500e+01 8.900e+01 0.000e+00 2.000e+01 0.000e+00
7.750e+01 7.500e+01 3.788e+00 8.140e+01 9.234e-04 0.000e+00 8.543e-04 0.000e+00 2.655e-04 7.500e+01 8.900e+01 0.000e+00 2.000e+01 0.000e+00
7.750e+01 7.500e+01 3.788e+00 8.140e+01 9.218e-04 0.000e+00 8.564e-04 0.000e+00 2.692e-04 7.500e+01 8.900e+01 0.000e+00 2.000e+01 0.000e+00
7.820e+01 7.500e+01 4.490e+00 8.900e+01 9.875e-04 0.000e+00 1.014e-03 0.000e+00 3.267e-04 7.500e+01 8.900e+01 0.000e+00 2.000e+01 0.000e+00
7.755e+01 7.500e+01 3.761e+00 8.140e+01 9.164e-04 0.000e+00 9.251e-04 0.000e+00 3.797e-04 7.500e+01 8.900e+01 0.000e+00 2.000e+01 0.000e+00
7.760e+01 7.500e+01 3.734e+00 8.140e+01 8.988e-04 0.000e+00 1.007e-03 0.000e+00 4.169e-04 7.500e+01 8.900e+01 0.000e+00 2.000e+01 0.000e+00
7.730e+01 7.500e+01 3.689e+00 8.140e+01 9.287e-04 0.000e+00 1.095e-03 0.000e+00 4.357e-04 7.500e+01 8.900e+01 0.000e+00 2.000e+01 0.000e+00
