1.228e+02 7.300e+01 2.219e+02 2.172e+02 1.444e-03 0.000e+00 8.333e-04 0.000e+00 4.162e-03 7.200e+01 1.308e+03 0.000e+00 6.000e+01 0.000e+00
7.588e+01 7.300e+01 5.619e+00 8.100e+01 8.389e-04 0.000e+00 8.448e-04 0.000e+00 2.788e-04 7.200e+01 1.100e+02 0.000e+00 6.000e+01 0.000e+00
7.535e+01 7.300e+01 3.502e+00 8.100e+01 8.173e-04 0.000e+00 8.332e-04 0.000e+00 2.913e-04 7.200e+01 8.100e+01 0.000e+00 6.000e+01 0.000e+00
7.553e+01 7.300e+01 3.631e+00 8.100e+01 8.164e-04 0.000e+00 8.309e-04 0.000e+00 2.910e-04 7.200e+01 8.100e+01 0.000e+00 6.000e+01 0.000e+00
7.570e+01 7.300e+01 3.968e+00 8.100e+01 8.236e-04 0.000e+00 7.962e-04 0.000e+00 3.088e-04 7.200e+01 8.800e+01 0.000e+00 6.000e+01 0.000e+00
7.590e+01 7.300e+01 4.281e+00 8.100e+01 8.439e-04 0.000e+00 8.404e-04 0.000e+00 3.329e-04 7.200e+01 8.800e+01 0.000e+00 6.000e+01 0.000e+00
7.590e+01 7.300e+01 4.281e+00 8.100e+01 8.723e-04 0.000e+00 8.889e-04 0.000e+00 3.248e-04 7.200e+01 8.800e+01 0.000e+00 6.000e+01 0.000e+00
7.603e+01 7.300e+01 4.313e+00 8.100e+01 8.604e-04 0.000e+00 8.309e-04 0.000e+00 3.199e-04 7.200e+01 8.800e+01 0.000e+00 6.000e+01 0.000e+00
7.605e+01 7.300e+01 4.299e+00 8.100e+01 8.949e-04 0.000e+00 8.715e-04 0.000e+00 2.982e-04 7.300e+01 8.800e+01 0.000e+00 6.000e+01 0.000e+00
7.590e+01 7.300e+01 4.281e+00 8.100e+01 8.958e-04 0.000e+00 8.657e-04 0.000e+00 2.957e-04 7.200e+01 8.800e+01 0.000e+00 6.000e+01 0.000e+00
7.578e+01 7.300e+01 4.038e+00 8.100e+01 8.852e-04 0.000e+00 8.441e-04 0.000e+00 2.710e-04 7.200e+01 8.800e+01 0.000e+00 6.000e+01 0.000e+00
7.565e+01 7.300e+01 3.785e+00 8.100e+01 8.765e-04 0.000e+00 8.169e-04 0.000e+00 2.273e-04 7.200e+01 8.100e+01 0.000e+00 6.000e+01 0.000e+00
7.567e+01 7.300e+01 3.776e+00 8.100e+01 8.723e-04 0.000e+00 8.264e-04 0.000e+00 2.776e-04 7.200e+01 8.100e+01 0.000e+00 6.000e+01 0.000e+00
7.553e+01 7.300e+01 3.726e+00 8.100e+01 8.772e-04 0.000e+00 8.475e-04 0.000e+00 2.786e-04 7.200e+01 8.100e+01 0.000e+00 6.000e+01 0.000e+00
7.567e+01 7.300e+01 3.776e+00 8.100e+01 8.683e-04 0.000e+00 7.893e-04 0.000e+00 2.758e-04 7.200e+01 8.100e+01 0.000e+00 6.000e+01 0.000e+00
7.568e+01 7.300e+01 3.762e+00 8.100e+01 8.869e-04 0.000e+00 8.475e-04 0.000e+00 2.622e-04 7.300e+01 8.100e+01 0.000e+00 6.000e+01 0.000e+00
7.568e+01 7.300e+01 3.762e+00 8.100e+01 8.914e-04 0.000e+00 8.516e-04 0.000e+00 2.650e-04 7.300e+01 8.100e+01 0.000e+00 6.000e+01 0.000e+00
7.568e+01 7.300e+01 3.762e+00 8.100e+01 8.851e-04 0.000e+00 7.976e-04 0.000e+00 2.707e-04 7.300e+01 8.100e+01 0.000e+00 6.000e+01 0.000e+00
7.567e+01 7.300e+01 3.771e+00 8.100e+01 8.754e-04 0.000e+00 7.728e-04 0.000e+00 2.097e-04 7.300e+01 8.100e+01 0.000e+00 6.000e+01 0.000e+00
7.567e+01 7.300e+01 3.771e+00 8.100e+01 9.068e-04 0.000e+00 7.842e-04 0.000e+00 3.188e-04 7.300e+01 8.100e+01 0.000e+00 6.000e+01 0.000e+00
7.567e+01 7.300e+01 3.771e+00 8.100e+01 9.181e-04 0.000e+00 8.056e-04 0.000e+00 3.199e-04 7.300e+01 8.100e+01 0.000e+00 6.000e+01 0.000e+00
7.567e+01 7.300e+01 3.771e+00 8.100e+01 9.092e-04 0.000e+00 7.832e-04 0.000e+00 3.234e-04 7.300e+01 8.100e+01 0.000e+00 6.000e+01 0.000e+00
7.567e+01 7.300e+01 3.771e+00 8.100e+01 9.212e-04 0.000e+00 8.258e-04 0.000e+00 3.206e-04 7.300e+01 8.100e+01 0.000e+00 6.000e+01 0.000e+00
7.567e+01 7.300e+01 3.771e+00 8.100e+01 9.325e-04 0.000e+00 8.581e-04 0.000e+00 3.134e-04 7.300e+01 8.100e+01 0.000e+00 6.000e+01 0.000e+00
7.565e+01 7.300e+01 3.785e+00 8.100e+01 9.275e-04 0.000e+00 8.562e-04 0.000e+00 3.178e-04 7.200e+01 8.100e+01 0.000e+00 6.000e+01 0.000e+00
7.565e+01 7.300e+01 3.785e+00 8.100e+01 8.987e-04 0.000e+00 8.562e-04 0.000e+00 2.062e-04 7.200e+01 8.100e+01 0.000e+00 6.000e+01 0.000e+00
7.552e+01 7.300e+01 3.735e+00 8.100e+01 8.965e-04 0.000e+00 8.526e-04 0.000e+00 2.069e-04 7.200e+01 8.100e+01 0.000e+00 6.000e+01 0.000e+00
7.553e+01 7.300e+01 3.726e+00 8.100e+01 9.179e-04 0.000e+00 8.724e-04 0.000e+00 2.314e-04 7.200e+01 8.100e+01 0.000e+00 6.000e+01 0.000e+00
7.622e+01 7.300e+01 4.623e+00 8.700e+01 9.752e-04 0.000e+00 9.158e-04 0.000e+00 2.929e-04 7.200e+01 8.800e+01 0.000e+00 6.000e+01 0.000e+00
7.633e+01 7.300e+01 4.777e+00 8.700e+01 1.012e-03 0.000e+00 1.062e-03 0.000e+00 3.392e-04 7.200e+01 8.800e+01 0.000e+00 6.000e+01 0.000e+00
7.660e+01 7.300e+01 4.923e+00 8.700e+01 1.049e-03 0.000e+00 1.135e-03 0.000e+00 3.776e-04 7.300e+01 8.800e+01 0.000e+00 6.000e+01 0.000e+00
7.663e+01 7.300e+01 4.902e+00 8.700e+01 1.054e-03 0.000e+00 1.162e-03 0.000e+00 4.434e-04 7.300e+01 8.800e+01 0.000e+00 6.000e+01 0.000e+00
7.663e+01 7.300e+01 4.902e+00 8.700e+01 1.057e-03 0.000e+00 1.156e-03 0.000e+00 4.463e-04 7.300e+01 8.800e+01 0.000e+00 6.000e+01 0.000e+00
7.677e+01 7.300e+01 4.910e+00 8.700e+01 1.058e-03 0.000e+00 1.156e-03 0.000e+00 4.513e-04 7.300e+01 8.800e+01 0.000e+00 6.000e+01 0.000e+00
7.608e+01 7.300e+01 4.168e+00 8.100e+01 9.799e-04 0.000e+00 1.117e-03 0.000e+00 4.323e-04 7.300e+01 8.700e+01 0.000e+00 6.000e+01 0.000e+00
7.583e+01 7.300e+01 3.946e+00 8.100e+01 9.357e-04 0.000e+00 9.565e-04 0.000e+00 4.036e-04 7.300e+01 8.700e+01 0.000e+00 6.000e+01 0.000e+00
7.560e+01 7.300e+01 3.684e+00 8.100e+01 9.098e-04 0.000e+00 8.523e-04 0.000e+00 3.694e-04 7.300e+01 8.100e+01 0.000e+00 6.000e+01 0.000e+00
7.570e+01 7.300e+01 3.752e+00 8.100e+01 8.886e-04 0.000e+00 8.198e-04 0.000e+00 3.133e-04 7.300e+01 8.100e+01 0.000e+00 6.000e+01 0.000e+00
7.570e+01 7.300e+01 3.752e+00 8.100e+01 8.896e-04 0.000e+00 8.631e-04 0.000e+00 3.090e-04 7.300e+01 8.100e+01 0.000e+00 6.000e+01 0.000e+00
7.568e+01 7.300e+01 3.762e+00 8.100e+01 8.572e-04 0.000e+00 7.817e-04 0.000e+00 2.876e-04 7.300e+01 8.100e+01 0.000e+00 6.000e+01 0.000e+00
7.568e+01 7.300e+01 3.762e+00 8.100e+01 8.536e-04 0.000e+00 7.565e-04 0.000e+00 2.867e-04 7.300e+01 8.100e+01 0.000e+00 6.000e+01 0.000e+00
7.568e+01 7.300e+01 3.762e+00 8.100e+01 8.579e-04 0.000e+00 7.565e-04 0.000e+00 2.816e-04 7.300e+01 8.100e+01 0.000e+00 6.000e+01 0.000e+00
7.582e+01 7.300e+01 3.806e+00 8.100e+01 8.624e-04 0.000e+00 7.939e-04 0.000e+00 2.903e-04 7.300e+01 8.100e+01 0.000e+00 6.000e+01 0.000e+00
7.570e+01 7.300e+01 3.752e+00 8.100e+01 8.643e-04 0.000e+00 8.323e-04 0.000e+00 2.794e-04 7.300e+01 8.100e+01 0.000e+00 6.000e+01 0.000e+00
7.593e+01 7.300e+01 4.004e+00 8.100e+01 8.775e-04 0.000e+00 8.323e-04 0.000e+00 3.368e-04 7.300e+01 8.700e+01 0.000e+00 6.000e+01 0.000e+00
7.582e+01 7.300e+01 3.956e+00 8.100e+01 8.845e-04 0.000e+00 1.007e-03 0.000e+00 4.003e-04 7.300e+01 8.700e+01 0.000e+00 6.000e+01 0.000e+00
7.608e+01 7.300e+01 4.168e+00 8.100e+01 9.200e-04 0.000e+00 1.068e-03 0.000e+00 4.403e-04 7.300e+01 8.700e+01 0.000e+00 6.000e+01 0.000e+00
7.608e+01 7.300e+01 4.168e+00 8.100e+01 9.259e-04 0.000e+00 1.060e-03 0.000e+00 4.352e-04 7.300e+01 8.700e+01 0.000e+00 6.000e+01 0.000e+00
7.593e+01 7.300e+01 4.147e+00 8.100e+01 9.307e-04 0.000e+00 1.060e-03 0.000e+00 4.161e-04 7.300e+01 8.700e+01 0.000e+00 6.000e+01 0.000e+00
7.605e+01 7.300e+01 4.189e+00 8.100e+01 9.353e-04 0.000e+00 1.050e-03 0.000e+00 4.044e-04 7.300e+01 8.700e+01 0.000e+00 6.000e+01 0.000e+00
7.582e+01 7.300e+01 3.956e+00 8.100e+01 9.073e-04 0.000e+00 8.631e-04 0.000e+00 3.600e-04 7.300e+01 8.700e+01 0.000e+00 6.000e+01 0.000e+00
7.580e+01 7.300e+01 3.966e+00 8.100e+01 9.141e-04 0.000e+00 8.965e-04 0.000e+00 3.428e-04 7.300e+01 8.700e+01 0.000e+00 6.000e+01 0.000e+00
7.585e+01 7.300e+01 4.199e+00 8.100e+01 8.974e-04 0.000e+00 8.496e-04 0.000e+00 3.484e-04 7.200e+01 8.700e+01 0.000e+00 6.000e+01 0.000e+00
7.587e+01 7.300e+01 4.189e+00 8.100e+01 9.088e-04 0.000e+00 9.910e-04 0.000e+00 4.090e-04 7.200e+01 8.700e+01 0.000e+00 6.000e+01 0.000e+00
7.610e+01 7.300e+01 4.407e+00 8.130e+01 9.096e-04 0.000e+00 1.001e-03 0.000e+00 4.164e-04 7.200e+01 8.700e+01 0.000e+00 6.000e+01 0.000e+00
7.597e+01 7.300e+01 4.378e+00 8.130e+01 9.214e-04 0.000e+00 1.022e-03 0.000e+00 4.140e-04 7.200e+01 8.700e+01 0.000e+00 6.000e+01 0.000e+00
7.610e+01 7.300e+01 4.407e+00 8.130e+01 9.216e-04 0.000e+00 1.022e-03 0.000e+00 4.129e-04 7.200e+01 8.700e+01 0.000e+00 6.000e+01 0.000e+00
7.610e+01 7.300e+01 4.407e+00 8.130e+01 9.255e-04 0.000e+00 9.058e-04 0.000e+00 3.599e-04 7.200e+01 8.700e+01 0.000e+00 6.000e+01 0.000e+00
7.578e+01 7.300e+01 3.975e+00 8.100e+01 9.254e-04 0.000e+00 8.845e-04 0.000e+00 2.996e-04 7.300e+01 8.700e+01 0.000e+00 6.000e+01 0.000e+00
7.590e+01 7.300e+01 4.024e+00 8.100e+01 9.153e-04 0.000e+00 8.601e-04 0.000e+00 2.101e-04 7.300e+01 8.700e+01 0.000e+00 6.000e+01 0.000e+00
7.568e+01 7.300e+01 3.762e+00 8.100e+01 8.962e-04 0.000e+00 8.587e-04 0.000e+00 2.197e-04 7.300e+01 8.100e+01 0.000e+00 6.000e+01 0.000e+00
7.568e+01 7.300e+01 3.762e+00 8.100e+01 9.034e-04 0.000e+00 8.779e-04 0.000e+00 2.457e-04 7.300e+01 8.100e+01 0.000e+00 6.000e+01 0.000e+00
7.568e+01 7.300e+01 3.762e+00 8.100e+01 9.136e-04 0.000e+00 8.805e-04 0.000e+00 2.449e-04 7.300e+01 8.100e+01 0.000e+00 6.000e+01 0.000e+00
7.568e+01 7.300e+01 3.762e+00 8.100e+01 9.032e-04 0.000e+00 8.779e-04 0.000e+00 2.497e-04 7.300e+01 8.100e+01 0.000e+00 6.000e+01 0.000e+00
7.570e+01 7.300e+01 3.752e+00 8.100e+01 9.082e-04 0.000e+00 8.779e-04 0.000e+00 2.853e-04 7.300e+01 8.100e+01 0.000e+00 6.000e+01 0.000e+00
7.570e+01 7.300e+01 3.752e+00 8.100e+01 9.018e-04 0.000e+00 8.414e-04 0.000e+00 2.913e-04 7.300e+01 8.100e+01 0.000e+00 6.000e+01 0.000e+00
7.573e+01 7.300e+01 3.732e+00 8.100e+01 9.028e-04 0.000e+00 8.559e-04 0.000e+00 3.461e-04 7.300e+01 8.100e+01 0.000e+00 6.000e+01 0.000e+00
7.573e+01 7.300e+01 3.732e+00 8.100e+01 8.839e-04 0.000e+00 8.321e-04 0.000e+00 3.333e-04 7.300e+01 8.100e+01 0.000e+00 6.000e+01 0.000e+00
7.573e+01 7.300e+01 3.732e+00 8.100e+01 8.694e-04 0.000e+00 8.001e-04 0.000e+00 3.384e-04 7.300e+01 8.100e+01 0.000e+00 6.000e+01 0.000e+00
7.575e+01 7.300e+01 3.722e+00 8.100e+01 8.737e-04 0.000e+00 8.414e-04 0.000e+00 3.562e-04 7.300e+01 8.100e+01 0.000e+00 6.000e+01 0.000e+00
7.573e+01 7.300e+01 3.732e+00 8.100e+01 8.682e-04 0.000e+00 8.315e-04 0.000e+00 3.284e-04 7.300e+01 8.100e+01 0.000e+00 6.000e+01 0.000e+00
7.573e+01 7.300e+01 3.732e+00 8.100e+01 8.598e-04 0.000e+00 7.726e-04 0.000e+00 3.272e-04 7.300e+01 8.100e+01 0.000e+00 6.000e+01 0.000e+00
7.568e+01 7.300e+01 3.762e+00 8.100e+01 8.547e-04 0.000e+00 7.334e-04 0.000e+00 2.552e-04 7.300e+01 8.100e+01 0.000e+00 6.000e+01 0.000e+00
7.570e+01 7.300e+01 3.752e+00 8.100e+01 8.616e-04 0.000e+00 7.535e-04 0.000e+00 2.756e-04 7.300e+01 8.100e+01 0.000e+00 6.000e+01 0.000e+00
7.570e+01 7.300e+01 3.752e+00 8.100e+01 8.660e-04 0.000e+00 7.674e-04 0.000e+00 2.708e-04 7.300e+01 8.100e+01 0.000e+00 6.000e+01 0.000e+00
7.568e+01 7.300e+01 3.762e+00 8.100e+01 8.572e-04 0.000e+00 7.603e-04 0.000e+00 2.502e-04 7.300e+01 8.100e+01 0.000e+00 6.000e+01 0.000e+00
7.570e+01 7.300e+01 3.752e+00 8.100e+01 8.537e-04 0.000e+00 7.535e-04 0.000e+00 2.833e-04 7.300e+01 8.100e+01 0.000e+00 6.000e+01 0.000e+00
7.582e+01 7.300e+01 4.015e+00 8.100e+01 8.613e-04 0.000e+00 7.632e-04 0.000e+00 2.888e-04 7.300e+01 8.800e+01 0.000e+00 6.000e+01 0.000e+00
7.582e+01 7.300e+01 4.015e+00 8.100e+01 8.816e-04 0.000e+00 7.956e-04 0.000e+00 3.010e-04 7.300e+01 8.800e+01 0.000e+00 6.000e+01 0.000e+00
7.593e+01 7.300e+01 4.061e+00 8.100e+01 8.678e-04 0.000e+00 7.663e-04 0.000e+00 2.817e-04 7.300e+01 8.800e+01 0.000e+00 6.000e+01 0.000e+00
7.592e+01 7.300e+01 4.212e+00 8.100e+01 8.904e-04 0.000e+00 7.735e-04 0.000e+00 3.383e-04 7.300e+01 8.800e+01 0.000e+00 6.000e+01 0.000e+00
7.617e+01 7.300e+01 4.417e+00 8.130e+01 9.167e-04 0.000e+00 9.269e-04 0.000e+00 3.575e-04 7.300e+01 8.800e+01 0.000e+00 6.000e+01 0.000e+00
7.638e+01 7.300e+01 4.619e+00 8.700e+01 9.417e-04 0.000e+00 9.794e-04 0.000e+00 3.677e-04 7.300e+01 8.800e+01 0.000e+00 6.000e+01 0.000e+00
7.615e+01 7.300e+01 4.373e+00 8.130e+01 9.435e-04 0.000e+00 9.878e-04 0.000e+00 3.787e-04 7.300e+01 8.700e+01 0.000e+00 6.000e+01 0.000e+00
7.615e+01 7.300e+01 4.373e+00 8.130e+01 9.448e-04 0.000e+00 9.878e-04 0.000e+00 3.643e-04 7.300e+01 8.700e+01 0.000e+00 6.000e+01 0.000e+00
7.628e+01 7.300e+01 4.528e+00 8.700e+01 9.698e-04 0.000e+00 1.079e-03 0.000e+00 3.909e-04 7.300e+01 8.700e+01 0.000e+00 6.000e+01 0.000e+00
7.630e+01 7.300e+01 4.518e+00 8.700e+01 9.998e-04 0.000e+00 1.079e-03 0.000e+00 3.957e-04 7.300e+01 8.700e+01 0.000e+00 6.000e+01 0.000e+00
7.632e+01 7.300e+01 4.559e+00 8.700e+01 1.028e-03 0.000e+00 1.125e-03 0.000e+00 4.575e-04 7.300e+01 8.800e+01 0.000e+00 6.000e+01 0.000e+00
7.642e+01 7.300e+01 4.723e+00 8.700e+01 1.072e-03 0.000e+00 1.145e-03 0.000e+00 4.597e-04 7.300e+01 8.800e+01 0.000e+00 6.000e+01 0.000e+00
7.653e+01 7.300e+01 4.749e+00 8.700e+01 1.093e-03 0.000e+00 1.176e-03 0.000e+00 4.781e-04 7.300e+01 8.800e+01 0.000e+00 6.000e+01 0.000e+00
7.653e+01 7.300e+01 4.749e+00 8.700e+01 1.085e-03 0.000e+00 1.168e-03 0.000e+00 4.823e-04 7.300e+01 8.800e+01 0.000e+00 6.000e+01 0.000e+00
7.628e+01 7.300e+01 4.579e+00 8.700e+01 1.101e-03 0.000e+00 1.159e-03 0.000e+00 4.693e-04 7.300e+01 8.800e+01 0.000e+00 6.000e+01 0.000e+00
7.640e+01 7.300e+01 4.609e+00 8.700e+01 1.070e-03 0.000e+00 1.150e-03 0.000e+00 4.786e-04 7.300e+01 8.800e+01 0.000e+00 6.000e+01 0.000e+00
7.615e+01 7.300e+01 4.373e+00 8.130e+01 1.042e-03 0.000e+00 1.112e-03 0.000e+00 4.265e-04 7.300e+01 8.700e+01 0.000e+00 6.000e+01 0.000e+00
7.597e+01 7.300e+01 3.983e+00 8.100e+01 9.841e-04 0.000e+00 1.073e-03 0.000e+00 4.230e-04 7.300e+01 8.700e+01 0.000e+00 6.000e+01 0.000e+00
7.587e+01 7.300e+01 3.926e+00 8.100e+01 9.664e-04 0.000e+00 1.034e-03 0.000e+00 4.127e-04 7.300e+01 8.700e+01 0.000e+00 6.000e+01 0.000e+00
7.612e+01 7.300e+01 4.204e+00 8.100e+01 9.990e-04 0.000e+00 1.086e-03 0.000e+00 4.252e-04 7.300e+01 8.800e+01 0.000e+00 6.000e+01 0.000e+00
7.620e+01 7.300e+01 4.396e+00 8.130e+01 9.800e-04 0.000e+00 1.099e-03 0.000e+00 4.611e-04 7.300e+01 8.800e+01 0.000e+00 6.000e+01 0.000e+00
7.630e+01 7.300e+01 4.569e+00 8.700e+01 9.956e-04 0.000e+00 1.112e-03 0.000e+00 4.609e-04 7.300e+01 8.800e+01 0.000e+00 6.000e+01 0.000e+00
7.662e+01 7.300e+01 4.913e+00 8.700e+01 1.026e-03 0.000e+00 1.118e-03 0.000e+00 4.555e-04 7.300e+01 8.800e+01 0.000e+00 6.000e+01 0.000e+00
7.670e+01 7.300e+01 5.071e+00 8.700e+01 1.036e-03 0.000e+00 1.121e-03 0.000e+00 4.447e-04 7.300e+01 8.800e+01 0.000e+00 6.000e+01 0.000e+00
7.668e+01 7.300e+01 5.081e+00 8.700e+01 1.046e-03 0.000e+00 1.117e-03 0.000e+00 4.266e-04 7.300e+01 8.800e+01 0.000e+00 6.000e+01 0.000e+00
7.678e+01 7.300e+01 5.222e+00 8.700e+01 1.056e-03 0.000e+00 1.137e-03 0.000e+00 4.507e-04 7.300e+01 8.800e+01 0.000e+00 6.000e+01 0.000e+00
7.683e+01 7.300e+01 5.077e+00 8.700e+01 1.046e-03 0.000e+00 1.105e-03 0.000e+00 4.130e-04 7.300e+01 8.800e+01 0.000e+00 6.000e+01 0.000e+00
7.652e+01 7.300e+01 4.759e+00 8.700e+01 1.013e-03 0.000e+00 1.084e-03 0.000e+00 3.980e-04 7.300e+01 8.800e+01 0.000e+00 6.000e+01 0.000e+00
7.620e+01 7.300e+01 4.396e+00 8.130e+01 9.739e-04 0.000e+00 1.080e-03 0.000e+00 4.136e-04 7.300e+01 8.800e+01 0.000e+00 6.000e+01 0.000e+00
7.623e+01 7.300e+01 4.429e+00 8.130e+01 9.637e-04 0.000e+00 1.073e-03 0.000e+00 4.220e-04 7.300e+01 8.800e+01 0.000e+00 6.000e+01 0.000e+00
7.622e+01 7.300e+01 4.439e+00 8.130e+01 9.526e-04 0.000e+00 1.073e-03 0.000e+00 4.095e-04 7.300e+01 8.800e+01 0.000e+00 6.000e+01 0.000e+00
7.587e+01 7.300e+01 3.989e+00 8.100e+01 8.892e-04 0.000e+00 9.218e-04 0.000e+00 3.935e-04 7.200e+01 8.800e+01 0.000e+00 6.000e+01 0.000e+00
7.585e+01 7.300e+01 3.999e+00 8.100e+01 8.722e-04 0.000e+00 8.863e-04 0.000e+00 3.835e-04 7.200e+01 8.800e+01 0.000e+00 6.000e+01 0.000e+00
7.585e+01 7.300e+01 3.999e+00 8.100e+01 8.663e-04 0.000e+00 8.582e-04 0.000e+00 3.915e-04 7.200e+01 8.800e+01 0.000e+00 6.000e+01 0.000e+00
7.617e+01 7.300e+01 4.420e+00 8.130e+01 8.861e-04 0.000e+00 8.522e-04 0.000e+00 3.714e-04 7.200e+01 8.800e+01 0.000e+00 6.000e+01 0.000e+00
7.592e+01 7.300e+01 4.160e+00 8.100e+01 8.775e-04 0.000e+00 8.522e-04 0.000e+00 3.670e-04 7.200e+01 8.700e+01 0.000e+00 6.000e+01 0.000e+00
7.605e+01 7.300e+01 4.193e+00 8.100e+01 8.620e-04 0.000e+00 8.042e-04 0.000e+00 3.702e-04 7.200e+01 8.700e+01 0.000e+00 6.000e+01 0.000e+00
7.605e+01 7.300e+01 4.189e+00 8.100e+01 8.647e-04 0.000e+00 7.797e-04 0.000e+00 3.443e-04 7.300e+01 8.700e+01 0.000e+00 6.000e+01 0.000e+00
7.618e+01 7.300e+01 4.406e+00 8.130e+01 9.099e-04 0.000e+00 8.715e-04 0.000e+00 3.814e-04 7.300e+01 8.800e+01 0.000e+00 6.000e+01 0.000e+00
7.615e+01 7.300e+01 4.427e+00 8.130e+01 8.981e-04 0.000e+00 8.042e-04 0.000e+00 3.512e-04 7.300e+01 8.800e+01 0.000e+00 6.000e+01 0.000e+00
7.582e+01 7.300e+01 4.015e+00 8.100e+01 8.621e-04 0.000e+00 7.086e-04 0.000e+00 3.420e-04 7.300e+01 8.800e+01 0.000e+00 6.000e+01 0.000e+00
7.595e+01 7.300e+01 4.051e+00 8.100e+01 8.536e-04 0.000e+00 7.031e-04 0.000e+00 3.334e-04 7.300e+01 8.800e+01 0.000e+00 6.000e+01 0.000e+00
7.593e+01 7.300e+01 4.203e+00 8.100e+01 8.754e-04 0.000e+00 7.514e-04 0.000e+00 3.617e-04 7.300e+01 8.800e+01 0.000e+00 6.000e+01 0.000e+00
7.607e+01 7.300e+01 4.234e+00 8.100e+01 8.806e-04 0.000e+00 8.293e-04 0.000e+00 3.598e-04 7.300e+01 8.800e+01 0.000e+00 6.000e+01 0.000e+00
7.580e+01 7.300e+01 3.966e+00 8.100e+01 8.316e-04 0.000e+00 7.015e-04 0.000e+00 3.172e-04 7.300e+01 8.700e+01 0.000e+00 6.000e+01 0.000e+00
7.580e+01 7.300e+01 3.966e+00 8.100e+01 8.564e-04 0.000e+00 7.811e-04 0.000e+00 3.132e-04 7.300e+01 8.700e+01 0.000e+00 6.000e+01 0.000e+00
7.593e+01 7.300e+01 4.004e+00 8.100e+01 8.563e-04 0.000e+00 7.811e-04 0.000e+00 3.064e-04 7.300e+01 8.700e+01 0.000e+00 6.000e+01 0.000e+00
7.578e+01 7.300e+01 3.975e+00 8.100e+01 8.457e-04 0.000e+00 7.554e-04 0.000e+00 2.828e-04 7.300e+01 8.700e+01 0.000e+00 6.000e+01 0.000e+00
7.567e+01 7.300e+01 3.771e+00 8.100e+01 8.421e-04 0.000e+00 7.554e-04 0.000e+00 2.416e-04 7.300e+01 8.100e+01 0.000e+00 6.000e+01 0.000e+00
7.567e+01 7.300e+01 3.771e+00 8.100e+01 8.386e-04 0.000e+00 7.268e-04 0.000e+00 2.443e-04 7.300e+01 8.100e+01 0.000e+00 6.000e+01 0.000e+00
7.567e+01 7.300e+01 3.771e+00 8.100e+01 9.248e-04 0.000e+00 8.160e-04 0.000e+00 3.421e-04 7.300e+01 8.100e+01 0.000e+00 6.000e+01 0.000e+00
7.615e+01 7.300e+01 4.427e+00 8.130e+01 9.570e-04 0.000e+00 8.917e-04 0.000e+00 3.992e-04 7.300e+01 8.800e+01 0.000e+00 6.000e+01 0.000e+00
7.602e+01 7.300e+01 4.399e+00 8.130e+01 9.871e-04 0.000e+00 9.930e-04 0.000e+00 4.020e-04 7.300e+01 8.800e+01 0.000e+00 6.000e+01 0.000e+00
7.638e+01 7.300e+01 4.744e+00 8.700e+01 1.041e-03 0.000e+00 1.139e-03 0.000e+00 4.408e-04 7.300e+01 8.800e+01 0.000e+00 6.000e+01 0.000e+00
7.673e+01 7.300e+01 5.049e+00 8.700e+01 1.080e-03 0.000e+00 1.148e-03 0.000e+00 4.708e-04 7.300e+01 8.800e+01 0.000e+00 6.000e+01 0.000e+00
7.673e+01 7.300e+01 5.049e+00 8.700e+01 1.101e-03 0.000e+00 1.143e-03 0.000e+00 4.541e-04 7.300e+01 8.800e+01 0.000e+00 6.000e+01 0.000e+00
7.677e+01 7.300e+01 5.028e+00 8.700e+01 1.030e-03 0.000e+00 1.138e-03 0.000e+00 4.393e-04 7.300e+01 8.800e+01 0.000e+00 6.000e+01 0.000e+00
7.673e+01 7.300e+01 5.049e+00 8.700e+01 1.061e-03 0.000e+00 1.148e-03 0.000e+00 4.252e-04 7.300e+01 8.800e+01 0.000e+00 6.000e+01 0.000e+00
7.700e+01 7.350e+01 5.170e+00 8.700e+01 1.053e-03 0.000e+00 1.173e-03 0.000e+00 4.634e-04 7.300e+01 8.800e+01 0.000e+00 6.000e+01 0.000e+00
7.697e+01 7.300e+01 5.193e+00 8.700e+01 1.045e-03 0.000e+00 1.173e-03 0.000e+00 4.484e-04 7.300e+01 8.800e+01 0.000e+00 6.000e+01 0.000e+00
7.663e+01 7.300e+01 4.902e+00 8.700e+01 1.022e-03 0.000e+00 1.143e-03 0.000e+00 4.345e-04 7.300e+01 8.800e+01 0.000e+00 6.000e+01 0.000e+00
7.678e+01 7.350e+01 5.017e+00 8.700e+01 1.024e-03 0.000e+00 1.165e-03 0.000e+00 4.762e-04 7.300e+01 8.800e+01 0.000e+00 6.000e+01 0.000e+00
7.702e+01 7.400e+01 5.159e+00 8.700e+01 1.064e-03 0.000e+00 1.185e-03 0.000e+00 4.844e-04 7.300e+01 8.800e+01 0.000e+00 6.000e+01 0.000e+00
7.672e+01 7.400e+01 4.848e+00 8.700e+01 1.023e-03 0.000e+00 1.157e-03 0.000e+00 5.030e-04 7.300e+01 8.800e+01 0.000e+00 6.000e+01 0.000e+00
7.668e+01 7.350e+01 4.870e+00 8.700e+01 1.037e-03 0.000e+00 1.147e-03 0.000e+00 4.686e-04 7.300e+01 8.800e+01 0.000e+00 6.000e+01 0.000e+00
7.635e+01 7.300e+01 4.538e+00 8.700e+01 1.015e-03 0.000e+00 1.095e-03 0.000e+00 4.388e-04 7.300e+01 8.800e+01 0.000e+00 6.000e+01 0.000e+00
7.667e+01 7.300e+01 4.881e+00 8.700e+01 1.045e-03 0.000e+00 1.136e-03 0.000e+00 4.316e-04 7.300e+01 8.800e+01 0.000e+00 6.000e+01 0.000e+00
7.673e+01 7.300e+01 5.095e+00 8.700e+01 1.075e-03 0.000e+00 1.129e-03 0.000e+00 3.937e-04 7.300e+01 8.800e+01 0.000e+00 6.000e+01 0.000e+00
7.683e+01 7.300e+01 5.235e+00 8.700e+01 1.069e-03 0.000e+00 1.139e-03 0.000e+00 3.896e-04 7.300e+01 8.800e+01 0.000e+00 6.000e+01 0.000e+00
7.712e+01 7.300e+01 5.487e+00 8.700e+01 1.109e-03 0.000e+00 1.152e-03 0.000e+00 3.519e-04 7.300e+01 8.800e+01 0.000e+00 6.000e+01 0.000e+00
7.747e+01 7.300e+01 5.708e+00 8.700e+01 1.132e-03 0.000e+00 1.166e-03 0.000e+00 3.797e-04 7.300e+01 8.800e+01 0.000e+00 6.000e+01 0.000e+00
7.773e+01 7.350e+01 5.782e+00 8.700e+01 1.154e-03 0.000e+00 1.216e-03 0.000e+00 4.181e-04 7.300e+01 8.800e+01 0.000e+00 6.000e+01 0.000e+00
7.743e+01 7.400e+01 5.545e+00 8.700e+01 1.103e-03 0.000e+00 1.161e-03 0.000e+00 4.501e-04 7.300e+01 8.800e+01 0.000e+00 6.000e+01 0.000e+00
7.708e+01 7.350e+01 5.270e+00 8.700e+01 1.077e-03 0.000e+00 1.156e-03 0.000e+00 4.636e-04 7.300e+01 8.700e+01 0.000e+00 6.000e+01 0.000e+00
7.685e+01 7.300e+01 5.019e+00 8.700e+01 1.036e-03 0.000e+00 1.139e-03 0.000e+00 4.419e-04 7.300e+01 8.700e+01 0.000e+00 6.000e+01 0.000e+00
7.642e+01 7.300e+01 4.547e+00 8.700e+01 9.603e-04 0.000e+00 1.039e-03 0.000e+00 4.179e-04 7.300e+01 8.700e+01 0.000e+00 6.000e+01 0.000e+00
7.583e+01 7.300e+01 3.946e+00 8.100e+01 9.036e-04 0.000e+00 8.661e-04 0.000e+00 3.760e-04 7.300e+01 8.700e+01 0.000e+00 6.000e+01 0.000e+00
7.572e+01 7.300e+01 3.742e+00 8.100e+01 8.779e-04 0.000e+00 7.986e-04 0.000e+00 3.378e-04 7.300e+01 8.100e+01 0.000e+00 6.000e+01 0.000e+00
7.568e+01 7.300e+01 3.762e+00 8.100e+01 8.588e-04 0.000e+00 7.876e-04 0.000e+00 2.960e-04 7.300e+01 8.100e+01 0.000e+00 6.000e+01 0.000e+00
7.570e+01 7.300e+01 3.752e+00 8.100e+01 8.575e-04 0.000e+00 7.920e-04 0.000e+00 2.987e-04 7.300e+01 8.100e+01 0.000e+00 6.000e+01 0.000e+00
7.570e+01 7.300e+01 3.752e+00 8.100e+01 8.554e-04 0.000e+00 7.920e-04 0.000e+00 3.006e-04 7.300e+01 8.100e+01 0.000e+00 6.000e+01 0.000e+00
7.570e+01 7.300e+01 3.752e+00 8.100e+01 8.463e-04 0.000e+00 7.821e-04 0.000e+00 3.053e-04 7.300e+01 8.100e+01 0.000e+00 6.000e+01 0.000e+00
7.570e+01 7.300e+01 3.752e+00 8.100e+01 8.534e-04 0.000e+00 7.876e-04 0.000e+00 3.040e-04 7.300e+01 8.100e+01 0.000e+00 6.000e+01 0.000e+00
7.568e+01 7.300e+01 3.762e+00 8.100e+01 8.441e-04 0.000e+00 7.876e-04 0.000e+00 2.787e-04 7.300e+01 8.100e+01 0.000e+00 6.000e+01 0.000e+00
7.568e+01 7.300e+01 3.762e+00 8.100e+01 8.489e-04 0.000e+00 7.832e-04 0.000e+00 2.783e-04 7.300e+01 8.100e+01 0.000e+00 6.000e+01 0.000e+00
7.567e+01 7.300e+01 3.771e+00 8.100e+01 8.313e-04 0.000e+00 7.324e-04 0.000e+00 2.429e-04 7.300e+01 8.100e+01 0.000e+00 6.000e+01 0.000e+00
7.578e+01 7.300e+01 4.034e+00 8.100e+01 8.569e-04 0.000e+00 7.774e-04 0.000e+00 2.510e-04 7.300e+01 8.800e+01 0.000e+00 6.000e+01 0.000e+00
7.578e+01 7.300e+01 4.034e+00 8.100e+01 8.755e-04 0.000e+00 8.091e-04 0.000e+00 2.422e-04 7.300e+01 8.800e+01 0.000e+00 6.000e+01 0.000e+00
7.592e+01 7.300e+01 4.071e+00 8.100e+01 8.648e-04 0.000e+00 7.949e-04 0.000e+00 2.412e-04 7.300e+01 8.800e+01 0.000e+00 6.000e+01 0.000e+00
7.578e+01 7.300e+01 4.034e+00 8.100e+01 8.597e-04 0.000e+00 7.846e-04 0.000e+00 2.419e-04 7.300e+01 8.800e+01 0.000e+00 6.000e+01 0.000e+00
7.578e+01 7.300e+01 4.034e+00 8.100e+01 8.716e-04 0.000e+00 7.951e-04 0.000e+00 2.437e-04 7.300e+01 8.800e+01 0.000e+00 6.000e+01 0.000e+00
7.592e+01 7.300e+01 4.071e+00 8.100e+01 8.697e-04 0.000e+00 7.951e-04 0.000e+00 2.390e-04 7.300e+01 8.800e+01 0.000e+00 6.000e+01 0.000e+00
7.567e+01 7.300e+01 3.771e+00 8.100e+01 8.449e-04 0.000e+00 7.862e-04 0.000e+00 2.278e-04 7.300e+01 8.100e+01 0.000e+00 6.000e+01 0.000e+00
7.567e+01 7.300e+01 3.771e+00 8.100e+01 8.458e-04 0.000e+00 7.710e-04 0.000e+00 2.306e-04 7.300e+01 8.100e+01 0.000e+00 6.000e+01 0.000e+00
7.567e+01 7.300e+01 3.771e+00 8.100e+01 8.472e-04 0.000e+00 7.710e-04 0.000e+00 2.308e-04 7.300e+01 8.100e+01 0.000e+00 6.000e+01 0.000e+00
7.567e+01 7.300e+01 3.771e+00 8.100e+01 8.523e-04 0.000e+00 7.763e-04 0.000e+00 2.287e-04 7.300e+01 8.100e+01 0.000e+00 6.000e+01 0.000e+00
7.567e+01 7.300e+01 3.771e+00 8.100e+01 8.501e-04 0.000e+00 7.818e-04 0.000e+00 2.265e-04 7.300e+01 8.100e+01 0.000e+00 6.000e+01 0.000e+00
7.567e+01 7.300e+01 3.771e+00 8.100e+01 8.538e-04 0.000e+00 7.877e-04 0.000e+00 2.263e-04 7.300e+01 8.100e+01 0.000e+00 6.000e+01 0.000e+00
7.567e+01 7.300e+01 3.771e+00 8.100e+01 8.543e-04 0.000e+00 7.877e-04 0.000e+00 2.247e-04 7.300e+01 8.100e+01 0.000e+00 6.000e+01 0.000e+00
7.567e+01 7.300e+01 3.771e+00 8.100e+01 8.638e-04 0.000e+00 7.960e-04 0.000e+00 2.235e-04 7.300e+01 8.100e+01 0.000e+00 6.000e+01 0.000e+00
7.567e+01 7.300e+01 3.771e+00 8.100e+01 8.870e-04 0.000e+00 8.373e-04 0.000e+00 2.179e-04 7.300e+01 8.100e+01 0.000e+00 6.000e+01 0.000e+00
7.570e+01 7.300e+01 3.752e+00 8.100e+01 8.824e-04 0.000e+00 8.621e-04 0.000e+00 2.622e-04 7.300e+01 8.100e+01 0.000e+00 6.000e+01 0.000e+00
7.595e+01 7.300e+01 4.051e+00 8.100e+01 9.186e-04 0.000e+00 9.078e-04 0.000e+00 2.840e-04 7.300e+01 8.800e+01 0.000e+00 6.000e+01 0.000e+00
7.597e+01 7.300e+01 4.239e+00 8.100e+01 9.403e-04 0.000e+00 1.010e-03 0.000e+00 3.388e-04 7.300e+01 8.800e+01 0.000e+00 6.000e+01 0.000e+00
7.632e+01 7.300e+01 4.610e+00 8.700e+01 9.894e-04 0.000e+00 1.037e-03 0.000e+00 3.887e-04 7.300e+01 8.800e+01 0.000e+00 6.000e+01 0.000e+00
7.647e+01 7.300e+01 4.617e+00 8.700e+01 9.803e-04 0.000e+00 1.037e-03 0.000e+00 4.077e-04 7.300e+01 8.800e+01 0.000e+00 6.000e+01 0.000e+00
7.635e+01 7.300e+01 4.589e+00 8.700e+01 9.576e-04 0.000e+00 1.053e-03 0.000e+00 4.374e-04 7.300e+01 8.800e+01 0.000e+00 6.000e+01 0.000e+00
7.657e+01 7.300e+01 4.776e+00 8.700e+01 1.002e-03 0.000e+00 1.087e-03 0.000e+00 4.467e-04 7.300e+01 8.800e+01 0.000e+00 6.000e+01 0.000e+00
7.645e+01 7.300e+01 4.703e+00 8.700e+01 9.819e-04 0.000e+00 1.088e-03 0.000e+00 4.856e-04 7.300e+01 8.800e+01 0.000e+00 6.000e+01 0.000e+00
7.643e+01 7.300e+01 4.536e+00 8.700e+01 9.705e-04 0.000e+00 1.063e-03 0.000e+00 4.479e-04 7.300e+01 8.700e+01 0.000e+00 6.000e+01 0.000e+00
7.618e+01 7.300e+01 4.353e+00 8.130e+01 9.600e-04 0.000e+00 1.053e-03 0.000e+00 4.343e-04 7.300e+01 8.700e+01 0.000e+00 6.000e+01 0.000e+00
7.630e+01 7.300e+01 4.518e+00 8.700e+01 9.666e-04 0.000e+00 1.083e-03 0.000e+00 4.588e-04 7.300e+01 8.700e+01 0.000e+00 6.000e+01 0.000e+00
7.630e+01 7.300e+01 4.518e+00 8.700e+01 9.909e-04 0.000e+00 1.102e-03 0.000e+00 4.530e-04 7.300e+01 8.700e+01 0.000e+00 6.000e+01 0.000e+00
7.630e+01 7.300e+01 4.518e+00 8.700e+01 9.703e-04 0.000e+00 1.083e-03 0.000e+00 4.468e-04 7.300e+01 8.700e+01 0.000e+00 6.000e+01 0.000e+00
7.642e+01 7.300e+01 4.547e+00 8.700e+01 9.893e-04 0.000e+00 1.082e-03 0.000e+00 4.219e-04 7.300e+01 8.700e+01 0.000e+00 6.000e+01 0.000e+00
7.628e+01 7.300e+01 4.528e+00 8.700e+01 9.828e-04 0.000e+00 1.082e-03 0.000e+00 4.244e-04 7.300e+01 8.700e+01 0.000e+00 6.000e+01 0.000e+00
7.618e+01 7.300e+01 4.353e+00 8.130e+01 9.807e-04 0.000e+00 1.074e-03 0.000e+00 3.986e-04 7.300e+01 8.700e+01 0.000e+00 6.000e+01 0.000e+00
7.630e+01 7.300e+01 4.569e+00 8.700e+01 1.011e-03 0.000e+00 1.076e-03 0.000e+00 4.125e-04 7.300e+01 8.800e+01 0.000e+00 6.000e+01 0.000e+00
7.663e+01 7.300e+01 4.902e+00 8.700e+01 1.040e-03 0.000e+00 1.135e-03 0.000e+00 4.323e-04 7.300e+01 8.800e+01 0.000e+00 6.000e+01 0.000e+00
7.640e+01 7.300e+01 4.734e+00 8.700e+01 1.050e-03 0.000e+00 1.135e-03 0.000e+00 4.470e-04 7.300e+01 8.800e+01 0.000e+00 6.000e+01 0.000e+00
7.638e+01 7.300e+01 4.744e+00 8.700e+01 1.050e-03 0.000e+00 1.138e-03 0.000e+00 4.259e-04 7.300e+01 8.800e+01 0.000e+00 6.000e+01 0.000e+00
7.662e+01 7.300e+01 4.913e+00 8.700e+01 1.084e-03 0.000e+00 1.149e-03 0.000e+00 4.304e-04 7.300e+01 8.800e+01 0.000e+00 6.000e+01 0.000e+00
7.675e+01 7.300e+01 5.039e+00 8.700e+01 1.096e-03 0.000e+00 1.157e-03 0.000e+00 4.550e-04 7.300e+01 8.800e+01 0.000e+00 6.000e+01 0.000e+00
7.683e+01 7.300e+01 5.190e+00 8.700e+01 1.122e-03 0.000e+00 1.189e-03 0.000e+00 4.372e-04 7.300e+01 8.800e+01 0.000e+00 6.000e+01 0.000e+00
7.662e+01 7.300e+01 4.913e+00 8.700e+01 1.077e-03 0.000e+00 1.127e-03 0.000e+00 4.075e-04 7.300e+01 8.800e+01 0.000e+00 6.000e+01 0.000e+00
7.660e+01 7.300e+01 4.923e+00 8.700e+01 1.047e-03 0.000e+00 1.097e-03 0.000e+00 3.644e-04 7.300e+01 8.800e+01 0.000e+00 6.000e+01 0.000e+00
7.637e+01 7.300e+01 4.754e+00 8.700e+01 1.016e-03 0.000e+00 1.060e-03 0.000e+00 3.631e-04 7.300e+01 8.800e+01 0.000e+00 6.000e+01 0.000e+00
7.642e+01 7.300e+01 4.772e+00 8.700e+01 9.950e-04 0.000e+00 1.066e-03 0.000e+00 4.036e-04 7.300e+01 8.800e+01 0.000e+00 6.000e+01 0.000e+00
7.628e+01 7.300e+01 4.630e+00 8.700e+01 9.742e-04 0.000e+00 1.002e-03 0.000e+00 3.642e-04 7.300e+01 8.800e+01 0.000e+00 6.000e+01 0.000e+00
7.595e+01 7.300e+01 4.051e+00 8.100e+01 9.054e-04 0.000e+00 8.512e-04 0.000e+00 3.011e-04 7.300e+01 8.800e+01 0.000e+00 6.000e+01 0.000e+00
7.582e+01 7.300e+01 4.015e+00 8.100e+01 9.030e-04 0.000e+00 8.512e-04 0.000e+00 3.009e-04 7.300e+01 8.800e+01 0.000e+00 6.000e+01 0.000e+00
7.582e+01 7.300e+01 4.015e+00 8.100e+01 9.036e-04 0.000e+00 8.221e-04 0.000e+00 3.004e-04 7.300e+01 8.800e+01 0.000e+00 6.000e+01 0.000e+00
7.595e+01 7.300e+01 4.051e+00 8.100e+01 9.145e-04 0.000e+00 8.785e-04 0.000e+00 2.929e-04 7.300e+01 8.800e+01 0.000e+00 6.000e+01 0.000e+00
7.567e+01 7.300e+01 3.771e+00 8.100e+01 8.963e-04 0.000e+00 8.656e-04 0.000e+00 2.120e-04 7.300e+01 8.100e+01 0.000e+00 6.000e+01 0.000e+00
7.567e+01 7.300e+01 3.771e+00 8.100e+01 8.798e-04 0.000e+00 8.349e-04 0.000e+00 2.031e-04 7.300e+01 8.100e+01 0.000e+00 6.000e+01 0.000e+00
7.567e+01 7.300e+01 3.771e+00 8.100e+01 8.852e-04 0.000e+00 8.498e-04 0.000e+00 1.991e-04 7.300e+01 8.100e+01 0.000e+00 6.000e+01 0.000e+00
7.567e+01 7.300e+01 3.771e+00 8.100e+01 8.853e-04 0.000e+00 8.440e-04 0.000e+00 1.972e-04 7.300e+01 8.100e+01 0.000e+00 6.000e+01 0.000e+00
7.567e+01 7.300e+01 3.771e+00 8.100e+01 8.866e-04 0.000e+00 8.440e-04 0.000e+00 1.957e-04 7.300e+01 8.100e+01 0.000e+00 6.000e+01 0.000e+00
7.567e+01 7.300e+01 3.771e+00 8.100e+01 8.691e-04 0.000e+00 8.101e-04 0.000e+00 2.014e-04 7.300e+01 8.100e+01 0.000e+00 6.000e+01 0.000e+00
7.567e+01 7.300e+01 3.771e+00 8.100e+01 8.738e-04 0.000e+00 8.135e-04 0.000e+00 2.076e-04 7.300e+01 8.100e+01 0.000e+00 6.000e+01 0.000e+00
7.567e+01 7.300e+01 3.771e+00 8.100e+01 8.744e-04 0.000e+00 8.167e-04 0.000e+00 2.082e-04 7.300e+01 8.100e+01 0.000e+00 6.000e+01 0.000e+00
7.552e+01 7.300e+01 3.735e+00 8.100e+01 8.514e-04 0.000e+00 8.125e-04 0.000e+00 2.185e-04 7.200e+01 8.100e+01 0.000e+00 6.000e+01 0.000e+00
7.565e+01 7.300e+01 3.785e+00 8.100e+01 8.555e-04 0.000e+00 8.113e-04 0.000e+00 2.205e-04 7.200e+01 8.100e+01 0.000e+00 6.000e+01 0.000e+00
7.577e+01 7.300e+01 3.989e+00 8.100e+01 8.676e-04 0.000e+00 8.177e-04 0.000e+00 2.636e-04 7.200e+01 8.700e+01 0.000e+00 6.000e+01 0.000e+00
7.577e+01 7.300e+01 3.989e+00 8.100e+01 8.741e-04 0.000e+00 8.223e-04 0.000e+00 2.603e-04 7.200e+01 8.700e+01 0.000e+00 6.000e+01 0.000e+00
7.577e+01 7.300e+01 3.989e+00 8.100e+01 8.686e-04 0.000e+00 8.185e-04 0.000e+00 2.553e-04 7.200e+01 8.700e+01 0.000e+00 6.000e+01 0.000e+00
7.577e+01 7.300e+01 3.989e+00 8.100e+01 8.747e-04 0.000e+00 8.223e-04 0.000e+00 2.545e-04 7.200e+01 8.700e+01 0.000e+00 6.000e+01 0.000e+00
7.592e+01 7.300e+01 4.014e+00 8.100e+01 8.859e-04 0.000e+00 8.302e-04 0.000e+00 2.489e-04 7.300e+01 8.700e+01 0.000e+00 6.000e+01 0.000e+00
7.580e+01 7.300e+01 3.966e+00 8.100e+01 8.854e-04 0.000e+00 8.302e-04 0.000e+00 2.818e-04 7.300e+01 8.700e+01 0.000e+00 6.000e+01 0.000e+00
7.570e+01 7.300e+01 3.752e+00 8.100e+01 8.824e-04 0.000e+00 8.376e-04 0.000e+00 2.715e-04 7.300e+01 8.100e+01 0.000e+00 6.000e+01 0.000e+00
7.570e+01 7.300e+01 3.752e+00 8.100e+01 8.744e-04 0.000e+00 8.230e-04 0.000e+00 2.763e-04 7.300e+01 8.100e+01 0.000e+00 6.000e+01 0.000e+00
7.572e+01 7.300e+01 3.742e+00 8.100e+01 8.688e-04 0.000e+00 8.304e-04 0.000e+00 2.944e-04 7.300e+01 8.100e+01 0.000e+00 6.000e+01 0.000e+00
7.597e+01 7.300e+01 3.983e+00 8.100e+01 8.919e-04 0.000e+00 8.463e-04 0.000e+00 3.407e-04 7.300e+01 8.700e+01 0.000e+00 6.000e+01 0.000e+00
7.587e+01 7.300e+01 3.926e+00 8.100e+01 9.018e-04 0.000e+00 9.441e-04 0.000e+00 3.828e-04 7.300e+01 8.700e+01 0.000e+00 6.000e+01 0.000e+00
7.585e+01 7.300e+01 3.936e+00 8.100e+01 9.016e-04 0.000e+00 9.098e-04 0.000e+00 3.617e-04 7.300e+01 8.700e+01 0.000e+00 6.000e+01 0.000e+00
7.583e+01 7.300e+01 3.946e+00 8.100e+01 9.213e-04 0.000e+00 8.951e-04 0.000e+00 3.542e-04 7.300e+01 8.700e+01 0.000e+00 6.000e+01 0.000e+00
7.572e+01 7.300e+01 3.895e+00 8.100e+01 9.495e-04 0.000e+00 9.998e-04 0.000e+00 3.801e-04 7.300e+01 8.700e+01 0.000e+00 6.000e+01 0.000e+00
7.583e+01 7.300e+01 3.946e+00 8.100e+01 9.574e-04 0.000e+00 9.998e-04 0.000e+00 3.681e-04 7.300e+01 8.700e+01 0.000e+00 6.000e+01 0.000e+00
7.558e+01 7.300e+01 3.694e+00 8.100e+01 9.222e-04 0.000e+00 9.004e-04 0.000e+00 3.333e-04 7.300e+01 8.100e+01 0.000e+00 6.000e+01 0.000e+00
7.555e+01 7.300e+01 3.712e+00 8.100e+01 9.204e-04 0.000e+00 8.670e-04 0.000e+00 2.923e-04 7.300e+01 8.100e+01 0.000e+00 6.000e+01 0.000e+00
7.568e+01 7.300e+01 3.762e+00 8.100e+01 9.452e-04 0.000e+00 9.004e-04 0.000e+00 3.019e-04 7.300e+01 8.100e+01 0.000e+00 6.000e+01 0.000e+00
7.568e+01 7.300e+01 3.762e+00 8.100e+01 9.093e-04 0.000e+00 8.520e-04 0.000e+00 2.924e-04 7.300e+01 8.100e+01 0.000e+00 6.000e+01 0.000e+00
7.567e+01 7.300e+01 3.771e+00 8.100e+01 8.869e-04 0.000e+00 8.329e-04 0.000e+00 2.586e-04 7.300e+01 8.100e+01 0.000e+00 6.000e+01 0.000e+00
7.565e+01 7.300e+01 3.991e+00 8.100e+01 9.377e-04 0.000e+00 8.490e-04 0.000e+00 3.110e-04 7.300e+01 8.800e+01 0.000e+00 6.000e+01 0.000e+00
7.590e+01 7.300e+01 4.277e+00 8.100e+01 9.588e-04 0.000e+00 8.558e-04 0.000e+00 3.322e-04 7.300e+01 8.800e+01 0.000e+00 6.000e+01 0.000e+00
7.590e+01 7.300e+01 4.277e+00 8.100e+01 9.578e-04 0.000e+00 8.520e-04 0.000e+00 3.257e-04 7.300e+01 8.800e+01 0.000e+00 6.000e+01 0.000e+00
7.590e+01 7.300e+01 4.277e+00 8.100e+01 9.351e-04 0.000e+00 8.440e-04 0.000e+00 3.136e-04 7.300e+01 8.800e+01 0.000e+00 6.000e+01 0.000e+00
7.592e+01 7.300e+01 4.267e+00 8.100e+01 9.308e-04 0.000e+00 8.440e-04 0.000e+00 3.308e-04 7.300e+01 8.800e+01 0.000e+00 6.000e+01 0.000e+00
7.593e+01 7.300e+01 4.258e+00 8.100e+01 9.407e-04 0.000e+00 9.099e-04 0.000e+00 3.567e-04 7.300e+01 8.800e+01 0.000e+00 6.000e+01 0.000e+00
7.595e+01 7.300e+01 4.051e+00 8.100e+01 8.920e-04 0.000e+00 8.539e-04 0.000e+00 3.098e-04 7.300e+01 8.800e+01 0.000e+00 6.000e+01 0.000e+00
7.570e+01 7.300e+01 3.752e+00 8.100e+01 8.712e-04 0.000e+00 8.342e-04 0.000e+00 2.842e-04 7.300e+01 8.100e+01 0.000e+00 6.000e+01 0.000e+00
7.583e+01 7.300e+01 4.005e+00 8.100e+01 9.187e-04 0.000e+00 9.103e-04 0.000e+00 3.367e-04 7.300e+01 8.800e+01 0.000e+00 6.000e+01 0.000e+00
7.558e+01 7.300e+01 3.909e+00 8.100e+01 9.510e-04 0.000e+00 1.022e-03 0.000e+00 3.712e-04 7.300e+01 8.800e+01 0.000e+00 6.000e+01 0.000e+00
7.575e+01 7.300e+01 3.935e+00 8.100e+01 9.675e-04 0.000e+00 1.046e-03 0.000e+00 4.141e-04 7.300e+01 8.800e+01 0.000e+00 6.000e+01 0.000e+00
7.587e+01 7.300e+01 4.185e+00 8.100e+01 9.968e-04 0.000e+00 1.121e-03 0.000e+00 4.250e-04 7.300e+01 8.800e+01 0.000e+00 6.000e+01 0.000e+00
7.575e+01 7.300e+01 4.138e+00 8.100e+01 1.006e-03 0.000e+00 1.132e-03 0.000e+00 4.469e-04 7.300e+01 8.800e+01 0.000e+00 6.000e+01 0.000e+00
7.577e+01 7.300e+01 4.129e+00 8.100e+01 1.035e-03 0.000e+00 1.162e-03 0.000e+00 4.503e-04 7.300e+01 8.800e+01 0.000e+00 6.000e+01 0.000e+00
7.600e+01 7.300e+01 4.355e+00 8.130e+01 1.025e-03 0.000e+00 1.155e-03 0.000e+00 4.476e-04 7.300e+01 8.800e+01 0.000e+00 6.000e+01 0.000e+00
7.638e+01 7.300e+01 4.619e+00 8.705e+01 1.012e-03 0.000e+00 1.117e-03 0.000e+00 4.567e-04 7.300e+01 8.800e+01 0.000e+00 6.000e+01 0.000e+00
7.622e+01 7.300e+01 4.619e+00 8.705e+01 1.025e-03 0.000e+00 1.140e-03 0.000e+00 4.242e-04 7.300e+01 8.800e+01 0.000e+00 6.000e+01 0.000e+00
7.625e+01 7.300e+01 4.418e+00 8.130e+01 9.877e-04 0.000e+00 1.066e-03 0.000e+00 4.220e-04 7.300e+01 8.800e+01 0.000e+00 6.000e+01 0.000e+00
7.623e+01 7.300e+01 4.429e+00 8.130e+01 9.799e-04 0.000e+00 1.058e-03 0.000e+00 4.005e-04 7.300e+01 8.800e+01 0.000e+00 6.000e+01 0.000e+00
7.635e+01 7.300e+01 4.640e+00 8.705e+01 9.853e-04 0.000e+00 1.066e-03 0.000e+00 4.102e-04 7.300e+01 8.800e+01 0.000e+00 6.000e+01 0.000e+00
7.643e+01 7.400e+01 4.488e+00 8.135e+01 9.888e-04 0.000e+00 1.058e-03 0.000e+00 4.102e-04 7.300e+01 9.000e+01 0.000e+00 6.000e+01 0.000e+00
7.650e+01 7.500e+01 4.169e+00 8.100e+01 9.561e-04 0.000e+00 1.026e-03 0.000e+00 3.859e-04 7.300e+01 9.000e+01 0.000e+00 6.000e+01 0.000e+00
7.673e+01 7.500e+01 4.029e+00 8.100e+01 9.241e-04 0.000e+00 9.724e-04 0.000e+00 3.767e-04 7.300e+01 9.000e+01 0.000e+00 6.000e+01 0.000e+00
7.695e+01 7.500e+01 4.149e+00 8.135e+01 9.507e-04 0.000e+00 1.011e-03 0.000e+00 3.745e-04 7.300e+01 9.000e+01 0.000e+00 6.000e+01 0.000e+00
7.730e+01 7.500e+01 3.985e+00 8.135e+01 9.445e-04 0.000e+00 1.021e-03 0.000e+00 4.058e-04 7.300e+01 9.000e+01 0.000e+00 6.000e+01 0.000e+00
7.740e+01 7.500e+01 3.574e+00 8.100e+01 9.115e-04 0.000e+00 9.513e-04 0.000e+00 3.850e-04 7.300e+01 9.000e+01 0.000e+00 6.000e+01 0.000e+00
7.743e+01 7.500e+01 3.475e+00 8.100e+01 8.855e-04 0.000e+00 8.938e-04 0.000e+00 3.727e-04 7.500e+01 8.900e+01 0.000e+00 6.000e+01 0.000e+00
7.733e+01 7.500e+01 3.458e+00 8.100e+01 9.088e-04 0.000e+00 1.003e-03 0.000e+00 3.837e-04 7.500e+01 8.900e+01 0.000e+00 6.000e+01 0.000e+00
7.743e+01 7.500e+01 3.475e+00 8.100e+01 9.173e-04 0.000e+00 1.003e-03 0.000e+00 3.851e-04 7.500e+01 8.900e+01 0.000e+00 6.000e+01 0.000e+00
7.742e+01 7.500e+01 3.485e+00 8.100e+01 9.119e-04 0.000e+00 8.866e-04 0.000e+00 3.581e-04 7.500e+01 8.900e+01 0.000e+00 6.000e+01 0.000e+00
7.740e+01 7.500e+01 3.494e+00 8.100e+01 9.117e-04 0.000e+00 8.662e-04 0.000e+00 3.246e-04 7.500e+01 8.900e+01 0.000e+00 6.000e+01 0.000e+00
7.755e+01 7.500e+01 3.761e+00 8.140e+01 9.349e-04 0.000e+00 9.251e-04 0.000e+00 3.622e-04 7.500e+01 8.900e+01 0.000e+00 6.000e+01 0.000e+00
7.732e+01 7.500e+01 3.466e+00 8.100e+01 9.171e-04 0.000e+00 9.103e-04 0.000e+00 3.622e-04 7.500e+01 8.900e+01 0.000e+00 6.000e+01 0.000e+00
