3.541e+02 8.900e+01 4.806e+02 1.308e+03 6.591e-03 4.733e+02 1.642e-03 4.733e+02 1.253e-02 7.200e+01 1.308e+03 0.000e+00 9.000e+00 1.000e+00
1.101e+02 7.400e+01 6.059e+01 2.297e+02 9.603e-02 0.000e+00 1.754e-03 0.000e+00 2.688e-01 7.200e+01 2.410e+02 0.000e+00 1.000e+01 0.000e+00
8.340e+01 7.300e+01 1.658e+01 1.112e+02 1.615e-01 0.000e+00 1.671e-03 0.000e+00 3.233e-01 7.200e+01 1.180e+02 0.000e+00 1.000e+01 0.000e+00
8.000e+01 7.250e+01 1.562e+01 1.112e+02 1.617e-01 0.000e+00 1.671e-03 0.000e+00 3.232e-01 7.200e+01 1.180e+02 0.000e+00 1.000e+01 0.000e+00
8.150e+01 7.250e+01 1.560e+01 1.112e+02 1.816e-01 0.000e+00 1.732e-03 0.000e+00 3.189e-01 7.200e+01 1.180e+02 0.000e+00 1.000e+01 0.000e+00
8.330e+01 7.300e+01 1.532e+01 1.112e+02 2.317e-01 0.000e+00 1.814e-03 0.000e+00 3.258e-01 7.200e+01 1.180e+02 0.000e+00 1.000e+01 0.000e+00
8.100e+01 7.300e+01 1.385e+01 1.049e+02 1.716e-01 0.000e+00 1.732e-03 0.000e+00 2.412e-01 7.200e+01 1.180e+02 0.000e+00 1.000e+01 0.000e+00
7.660e+01 7.300e+01 6.344e+00 8.855e+01 1.016e-01 0.000e+00 1.725e-03 0.000e+00 1.674e-01 7.200e+01 8.900e+01 0.000e+00 1.000e+01 0.000e+00
7.750e+01 7.300e+01 6.136e+00 8.855e+01 1.816e-01 0.000e+00 1.840e-03 0.000e+00 2.638e-01 7.300e+01 8.900e+01 0.000e+00 1.000e+01 0.000e+00
7.760e+01 7.300e+01 6.312e+00 8.900e+01 1.916e-01 0.000e+00 1.840e-03 0.000e+00 2.663e-01 7.300e+01 8.900e+01 0.000e+00 1.000e+01 0.000e+00
7.760e+01 7.300e+01 6.312e+00 8.900e+01 2.215e-01 0.000e+00 1.840e-03 0.000e+00 3.124e-01 7.300e+01 8.900e+01 0.000e+00 1.000e+01 0.000e+00
7.760e+01 7.300e+01 6.312e+00 8.900e+01 2.715e-01 0.000e+00 1.840e-03 0.000e+00 3.579e-01 7.300e+01 8.900e+01 0.000e+00 1.000e+01 0.000e+00
7.760e+01 7.300e+01 6.312e+00 8.900e+01 2.715e-01 0.000e+00 1.786e-03 0.000e+00 3.580e-01 7.300e+01 8.900e+01 0.000e+00 1.000e+01 0.000e+00
7.850e+01 7.300e+01 7.173e+00 8.900e+01 2.616e-01 0.000e+00 1.741e-03 0.000e+00 3.442e-01 7.300e+01 8.900e+01 0.000e+00 1.000e+01 0.000e+00
7.850e+01 7.300e+01 7.173e+00 8.900e+01 2.916e-01 0.000e+00 1.741e-03 0.000e+00 3.593e-01 7.300e+01 8.900e+01 0.000e+00 1.000e+01 0.000e+00
7.690e+01 7.300e+01 6.395e+00 8.900e+01 2.116e-01 0.000e+00 1.625e-03 0.000e+00 3.241e-01 7.300e+01 8.900e+01 0.000e+00 1.000e+01 0.000e+00
7.690e+01 7.300e+01 6.395e+00 8.900e+01 1.716e-01 0.000e+00 1.695e-03 0.000e+00 2.687e-01 7.300e+01 8.900e+01 0.000e+00 1.000e+01 0.000e+00
7.850e+01 7.300e+01 7.173e+00 8.900e+01 2.116e-01 0.000e+00 1.702e-03 0.000e+00 2.702e-01 7.300e+01 8.900e+01 0.000e+00 1.000e+01 0.000e+00
7.850e+01 7.300e+01 7.173e+00 8.900e+01 1.816e-01 0.000e+00 1.738e-03 0.000e+00 2.273e-01 7.300e+01 8.900e+01 0.000e+00 1.000e+01 0.000e+00
7.850e+01 7.300e+01 7.173e+00 8.900e+01 2.116e-01 0.000e+00 1.738e-03 0.000e+00 2.916e-01 7.300e+01 8.900e+01 0.000e+00 1.000e+01 0.000e+00
7.850e+01 7.300e+01 7.173e+00 8.900e+01 2.116e-01 0.000e+00 1.738e-03 0.000e+00 2.916e-01 7.300e+01 8.900e+01 0.000e+00 1.000e+01 0.000e+00
7.950e+01 7.300e+01 7.966e+00 8.955e+01 2.016e-01 0.000e+00 1.737e-03 0.000e+00 2.866e-01 7.300e+01 9.000e+01 0.000e+00 1.000e+01 0.000e+00
2.011e+02 7.300e+01 3.690e+02 7.599e+02 2.183e-01 1.831e+01 1.773e-03 1.831e+01 2.909e-01 7.000e+01 1.308e+03 0.000e+00 9.000e+00 1.000e+00
3.373e+02 8.100e+01 4.871e+02 1.308e+03 1.744e-01 1.831e+01 2.393e-03 1.831e+01 2.897e-01 7.000e+01 1.308e+03 0.000e+00 9.000e+00 1.000e+00
3.555e+02 9.650e+01 4.798e+02 1.308e+03 7.839e-02 1.831e+01 2.393e-03 1.831e+01 1.337e-01 7.000e+01 1.308e+03 0.000e+00 9.000e+00 1.000e+00
3.556e+02 9.650e+01 4.798e+02 1.308e+03 7.827e-02 1.831e+01 2.393e-03 1.831e+01 1.337e-01 7.000e+01 1.308e+03 0.000e+00 9.000e+00 1.000e+00
3.576e+02 1.070e+02 4.787e+02 1.308e+03 7.822e-02 1.831e+01 2.393e-03 1.831e+01 1.338e-01 7.000e+01 1.308e+03 0.000e+00 9.000e+00 1.000e+00
2.342e+02 8.900e+01 3.628e+02 8.278e+02 3.549e-02 0.000e+00 1.328e-03 0.000e+00 8.935e-02 7.200e+01 1.308e+03 0.000e+00 1.000e+01 0.000e+00
1.000e+02 7.350e+01 4.965e+01 1.825e+02 4.496e-02 0.000e+00 1.328e-03 0.000e+00 9.079e-02 7.200e+01 2.410e+02 0.000e+00 1.000e+01 0.000e+00
8.080e+01 7.200e+01 1.505e+01 1.105e+02 5.124e-02 0.000e+00 1.328e-03 0.000e+00 9.222e-02 7.200e+01 1.110e+02 0.000e+00 1.000e+01 0.000e+00
8.230e+01 7.250e+01 1.503e+01 1.105e+02 1.215e-01 0.000e+00 1.942e-03 0.000e+00 2.138e-01 7.200e+01 1.110e+02 0.000e+00 1.000e+01 0.000e+00
8.020e+01 7.300e+01 1.190e+01 1.005e+02 1.116e-01 0.000e+00 1.942e-03 0.000e+00 2.074e-01 7.200e+01 1.100e+02 0.000e+00 1.000e+01 0.000e+00
8.040e+01 7.300e+01 1.177e+01 1.005e+02 1.116e-01 0.000e+00 2.044e-03 0.000e+00 2.073e-01 7.200e+01 1.100e+02 0.000e+00 1.000e+01 0.000e+00
7.750e+01 7.300e+01 6.391e+00 8.900e+01 1.127e-01 1.001e+00 1.732e-03 1.001e+00 2.186e-01 7.200e+01 8.900e+01 0.000e+00 9.000e+00 1.000e+00
7.760e+01 7.300e+01 6.312e+00 8.900e+01 1.127e-01 1.001e+00 1.732e-03 1.001e+00 2.186e-01 7.300e+01 8.900e+01 0.000e+00 9.000e+00 1.000e+00
7.600e+01 7.300e+01 5.138e+00 8.495e+01 3.484e-02 1.001e+00 1.685e-03 1.001e+00 6.674e-02 7.300e+01 8.900e+01 0.000e+00 9.000e+00 1.000e+00
7.510e+01 7.300e+01 3.208e+00 8.000e+01 1.398e-02 1.002e+00 1.686e-03 1.002e+00 3.282e-02 7.300e+01 8.000e+01 1.668e-04 8.000e+00 2.000e+00
7.650e+01 7.300e+01 4.696e+00 8.385e+01 2.648e-02 1.002e+00 1.714e-03 1.002e+00 4.311e-02 7.300e+01 8.700e+01 1.668e-04 8.000e+00 2.000e+00
7.720e+01 7.300e+01 5.600e+00 8.700e+01 3.477e-02 1.002e+00 1.742e-03 1.002e+00 4.702e-02 7.300e+01 8.700e+01 0.000e+00 9.000e+00 1.000e+00
7.810e+01 7.300e+01 6.610e+00 8.810e+01 5.712e-02 1.002e+00 1.742e-03 1.002e+00 9.557e-02 7.300e+01 8.900e+01 0.000e+00 9.000e+00 1.000e+00
7.810e+01 7.300e+01 6.610e+00 8.810e+01 5.705e-02 1.002e+00 1.687e-03 1.002e+00 9.561e-02 7.300e+01 8.900e+01 0.000e+00 9.000e+00 1.000e+00
7.900e+01 7.300e+01 7.376e+00 8.900e+01 1.215e-01 0.000e+00 1.698e-03 0.000e+00 2.135e-01 7.300e+01 8.900e+01 0.000e+00 1.000e+01 0.000e+00
7.920e+01 7.300e+01 7.613e+00 8.900e+01 1.236e-01 1.002e+00 1.471e-03 1.002e+00 2.250e-01 7.300e+01 8.900e+01 0.000e+00 9.000e+00 1.000e+00
7.780e+01 7.300e+01 7.332e+00 8.900e+01 1.125e-01 1.002e+00 1.471e-03 1.002e+00 2.283e-01 7.300e+01 8.900e+01 0.000e+00 9.000e+00 1.000e+00
7.690e+01 7.300e+01 6.395e+00 8.900e+01 1.681e-01 1.002e+00 1.471e-03 1.002e+00 3.127e-01 7.300e+01 8.900e+01 0.000e+00 9.000e+00 1.000e+00
7.760e+01 7.300e+01 6.312e+00 8.900e+01 1.889e-01 1.002e+00 1.563e-03 1.002e+00 3.258e-01 7.300e+01 8.900e+01 1.884e-04 8.000e+00 2.000e+00
7.770e+01 7.300e+01 6.497e+00 8.955e+01 1.765e-01 1.002e+00 1.677e-03 1.002e+00 3.073e-01 7.300e+01 9.000e+01 1.884e-04 8.000e+00 2.000e+00
7.610e+01 7.300e+01 5.394e+00 8.550e+01 1.570e-01 1.002e+00 1.655e-03 1.002e+00 2.949e-01 7.300e+01 9.000e+01 0.000e+00 9.000e+00 1.000e+00
7.690e+01 7.300e+01 5.467e+00 8.595e+01 2.126e-01 1.002e+00 1.741e-03 1.002e+00 3.071e-01 7.300e+01 9.000e+01 0.000e+00 9.000e+00 1.000e+00
7.790e+01 7.300e+01 6.715e+00 9.000e+01 2.238e-01 1.002e+00 1.699e-03 1.002e+00 3.295e-01 7.300e+01 9.000e+01 0.000e+00 9.000e+00 1.000e+00
7.800e+01 7.300e+01 6.753e+00 9.000e+01 2.115e-01 0.000e+00 1.737e-03 0.000e+00 3.147e-01 7.300e+01 9.000e+01 0.000e+00 1.000e+01 0.000e+00
7.800e+01 7.300e+01 6.753e+00 9.000e+01 2.015e-01 0.000e+00 1.702e-03 0.000e+00 3.036e-01 7.300e+01 9.000e+01 0.000e+00 1.000e+01 0.000e+00
7.800e+01 7.300e+01 6.753e+00 9.000e+01 2.016e-01 0.000e+00 1.747e-03 0.000e+00 3.036e-01 7.300e+01 9.000e+01 0.000e+00 1.000e+01 0.000e+00
7.890e+01 7.300e+01 7.635e+00 9.000e+01 2.417e-01 0.000e+00 1.770e-03 0.000e+00 3.615e-01 7.300e+01 9.000e+01 0.000e+00 1.000e+01 0.000e+00
7.800e+01 7.300e+01 6.753e+00 9.000e+01 2.215e-01 0.000e+00 1.770e-03 0.000e+00 3.282e-01 7.300e+01 9.000e+01 0.000e+00 1.000e+01 0.000e+00
7.890e+01 7.300e+01 7.635e+00 9.000e+01 2.917e-01 0.000e+00 1.770e-03 0.000e+00 3.675e-01 7.300e+01 9.000e+01 0.000e+00 1.000e+01 0.000e+00
7.890e+01 7.300e+01 7.635e+00 9.000e+01 3.017e-01 0.000e+00 1.770e-03 0.000e+00 3.744e-01 7.300e+01 9.000e+01 0.000e+00 1.000e+01 0.000e+00
7.880e+01 7.300e+01 7.718e+00 9.000e+01 3.016e-01 0.000e+00 1.758e-03 0.000e+00 3.745e-01 7.200e+01 9.000e+01 0.000e+00 1.000e+01 0.000e+00
7.790e+01 7.300e+01 6.833e+00 9.000e+01 2.314e-01 0.000e+00 1.689e-03 0.000e+00 3.166e-01 7.200e+01 9.000e+01 0.000e+00 1.000e+01 0.000e+00
7.880e+01 7.300e+01 7.718e+00 9.000e+01 2.116e-01 0.000e+00 1.824e-03 0.000e+00 2.917e-01 7.200e+01 9.000e+01 0.000e+00 1.000e+01 0.000e+00
7.880e+01 7.300e+01 7.718e+00 9.000e+01 1.816e-01 0.000e+00 1.888e-03 0.000e+00 2.403e-01 7.200e+01 9.000e+01 0.000e+00 1.000e+01 0.000e+00
7.710e+01 7.300e+01 6.891e+00 9.000e+01 1.215e-01 0.000e+00 1.799e-03 0.000e+00 1.992e-01 7.200e+01 9.000e+01 0.000e+00 1.000e+01 0.000e+00
7.890e+01 7.300e+01 7.635e+00 9.000e+01 1.817e-01 0.000e+00 1.910e-03 0.000e+00 2.401e-01 7.300e+01 9.000e+01 0.000e+00 1.000e+01 0.000e+00
7.890e+01 7.300e+01 7.635e+00 9.000e+01 2.316e-01 0.000e+00 1.910e-03 0.000e+00 2.865e-01 7.300e+01 9.000e+01 0.000e+00 1.000e+01 0.000e+00
7.870e+01 7.300e+01 7.363e+00 9.000e+01 1.916e-01 0.000e+00 1.845e-03 0.000e+00 2.736e-01 7.300e+01 9.000e+01 0.000e+00 1.000e+01 0.000e+00
7.870e+01 7.300e+01 7.363e+00 9.000e+01 1.815e-01 0.000e+00 1.821e-03 0.000e+00 2.637e-01 7.300e+01 9.000e+01 0.000e+00 1.000e+01 0.000e+00
8.040e+01 7.700e+01 7.800e+00 9.000e+01 2.015e-01 0.000e+00 5.165e-02 0.000e+00 2.568e-01 7.300e+01 9.000e+01 0.000e+00 1.000e+01 0.000e+00
7.880e+01 7.350e+01 7.291e+00 9.000e+01 1.415e-01 0.000e+00 2.018e-03 0.000e+00 2.243e-01 7.300e+01 9.000e+01 0.000e+00 1.000e+01 0.000e+00
7.970e+01 7.350e+01 8.026e+00 9.000e+01 1.616e-01 0.000e+00 2.018e-03 0.000e+00 2.763e-01 7.300e+01 9.000e+01 0.000e+00 1.000e+01 0.000e+00
7.990e+01 7.350e+01 8.252e+00 9.000e+01 1.715e-01 0.000e+00 1.985e-03 0.000e+00 2.758e-01 7.300e+01 9.000e+01 0.000e+00 1.000e+01 0.000e+00
7.820e+01 7.300e+01 7.730e+00 9.000e+01 1.315e-01 0.000e+00 1.748e-03 0.000e+00 2.685e-01 7.300e+01 9.000e+01 0.000e+00 1.000e+01 0.000e+00
7.730e+01 7.300e+01 6.768e+00 9.000e+01 1.815e-01 0.000e+00 1.772e-03 0.000e+00 3.187e-01 7.300e+01 9.000e+01 0.000e+00 1.000e+01 0.000e+00
7.890e+01 7.300e+01 7.635e+00 9.000e+01 2.715e-01 0.000e+00 1.772e-03 0.000e+00 3.771e-01 7.300e+01 9.000e+01 0.000e+00 1.000e+01 0.000e+00
7.890e+01 7.300e+01 7.635e+00 9.000e+01 2.516e-01 0.000e+00 1.861e-03 0.000e+00 3.473e-01 7.300e+01 9.000e+01 0.000e+00 1.000e+01 0.000e+00
7.800e+01 7.300e+01 6.753e+00 9.000e+01 2.572e-01 1.001e+00 1.843e-03 1.001e+00 3.657e-01 7.300e+01 9.000e+01 0.000e+00 9.000e+00 1.000e+00
7.800e+01 7.300e+01 6.753e+00 9.000e+01 2.572e-01 1.001e+00 1.843e-03 1.001e+00 3.656e-01 7.300e+01 9.000e+01 0.000e+00 9.000e+00 1.000e+00
7.870e+01 7.300e+01 7.363e+00 9.000e+01 1.906e-01 1.001e+00 1.843e-03 1.001e+00 3.317e-01 7.300e+01 9.000e+01 0.000e+00 9.000e+00 1.000e+00
7.870e+01 7.300e+01 7.363e+00 9.000e+01 1.684e-01 1.001e+00 2.073e-03 1.001e+00 2.869e-01 7.300e+01 9.000e+01 0.000e+00 9.000e+00 1.000e+00
7.780e+01 7.300e+01 6.416e+00 8.910e+01 1.016e-01 1.001e+00 1.874e-03 1.001e+00 2.292e-01 7.300e+01 9.000e+01 2.691e-04 8.000e+00 2.000e+00
7.700e+01 7.300e+01 6.465e+00 8.910e+01 9.049e-02 1.002e+00 1.678e-03 1.002e+00 2.184e-01 7.300e+01 9.000e+01 0.000e+00 9.000e+00 1.000e+00
7.780e+01 7.300e+01 6.416e+00 8.910e+01 1.016e-01 1.002e+00 1.677e-03 1.002e+00 2.293e-01 7.300e+01 9.000e+01 1.177e-04 8.000e+00 2.000e+00
7.800e+01 7.300e+01 6.753e+00 9.000e+01 1.142e-01 1.002e+00 1.875e-03 1.002e+00 2.316e-01 7.300e+01 9.000e+01 1.177e-04 8.000e+00 2.000e+00
7.710e+01 7.300e+01 5.594e+00 8.595e+01 3.015e-02 1.001e+00 1.669e-03 1.001e+00 7.009e-02 7.300e+01 9.000e+01 2.305e-04 7.000e+00 3.000e+00
7.800e+01 7.300e+01 6.753e+00 9.000e+01 7.668e-02 1.001e+00 1.673e-03 1.001e+00 1.393e-01 7.300e+01 9.000e+01 1.634e-04 8.000e+00 2.000e+00
7.970e+01 7.700e+01 7.390e+00 9.000e+01 1.142e-01 1.001e+00 1.873e-03 1.001e+00 1.536e-01 7.300e+01 9.000e+01 1.634e-04 8.000e+00 2.000e+00
8.060e+01 7.700e+01 8.015e+00 9.000e+01 1.239e-01 1.001e+00 2.078e-03 1.001e+00 1.474e-01 7.300e+01 9.000e+01 0.000e+00 9.000e+00 1.000e+00
8.060e+01 7.700e+01 8.015e+00 9.000e+01 2.017e-01 1.001e+00 1.650e-03 1.001e+00 2.870e-01 7.300e+01 9.000e+01 0.000e+00 9.000e+00 1.000e+00
7.970e+01 7.300e+01 8.415e+00 9.000e+01 1.815e-01 0.000e+00 1.637e-03 0.000e+00 2.790e-01 7.200e+01 9.000e+01 0.000e+00 1.000e+01 0.000e+00
7.880e+01 7.300e+01 7.718e+00 9.000e+01 1.714e-01 0.000e+00 1.605e-03 0.000e+00 2.726e-01 7.200e+01 9.000e+01 0.000e+00 1.000e+01 0.000e+00
7.880e+01 7.300e+01 7.718e+00 9.000e+01 2.015e-01 0.000e+00 1.646e-03 0.000e+00 3.004e-01 7.200e+01 9.000e+01 0.000e+00 1.000e+01 0.000e+00
7.880e+01 7.300e+01 7.718e+00 9.000e+01 2.515e-01 0.000e+00 1.800e-03 0.000e+00 3.358e-01 7.200e+01 9.000e+01 0.000e+00 1.000e+01 0.000e+00
7.880e+01 7.300e+01 7.718e+00 9.000e+01 2.415e-01 0.000e+00 1.820e-03 0.000e+00 3.172e-01 7.200e+01 9.000e+01 0.000e+00 1.000e+01 0.000e+00
7.890e+01 7.300e+01 7.635e+00 9.000e+01 2.417e-01 0.000e+00 1.820e-03 0.000e+00 3.171e-01 7.300e+01 9.000e+01 0.000e+00 1.000e+01 0.000e+00
7.890e+01 7.300e+01 7.635e+00 9.000e+01 2.352e-01 1.002e+00 1.895e-03 1.002e+00 3.335e-01 7.300e+01 9.000e+01 0.000e+00 9.000e+00 1.000e+00
7.800e+01 7.300e+01 6.753e+00 9.000e+01 1.794e-01 1.002e+00 1.895e-03 1.002e+00 3.085e-01 7.300e+01 9.000e+01 0.000e+00 9.000e+00 1.000e+00
7.630e+01 7.300e+01 5.551e+00 8.595e+01 1.015e-01 1.002e+00 1.745e-03 1.002e+00 2.496e-01 7.300e+01 9.000e+01 0.000e+00 9.000e+00 1.000e+00
7.540e+01 7.300e+01 3.666e+00 8.100e+01 3.478e-02 1.002e+00 1.932e-03 1.002e+00 6.644e-02 7.300e+01 8.100e+01 0.000e+00 9.000e+00 1.000e+00
7.710e+01 7.300e+01 5.594e+00 8.595e+01 5.706e-02 1.002e+00 2.002e-03 1.002e+00 8.309e-02 7.300e+01 9.000e+01 0.000e+00 9.000e+00 1.000e+00
7.630e+01 7.300e+01 5.551e+00 8.595e+01 5.147e-02 0.000e+00 1.910e-03 0.000e+00 8.059e-02 7.300e+01 9.000e+01 0.000e+00 1.000e+01 0.000e+00
7.630e+01 7.300e+01 5.551e+00 8.595e+01 5.149e-02 0.000e+00 1.910e-03 0.000e+00 8.059e-02 7.300e+01 9.000e+01 0.000e+00 1.000e+01 0.000e+00
7.800e+01 7.300e+01 6.753e+00 9.000e+01 9.154e-02 0.000e+00 1.967e-03 0.000e+00 1.301e-01 7.300e+01 9.000e+01 0.000e+00 1.000e+01 0.000e+00
7.720e+01 7.300e+01 6.823e+00 9.000e+01 7.155e-02 0.000e+00 1.753e-03 0.000e+00 1.270e-01 7.300e+01 9.000e+01 0.000e+00 1.000e+01 0.000e+00
7.640e+01 7.300e+01 5.499e+00 8.595e+01 8.146e-02 0.000e+00 1.753e-03 0.000e+00 1.400e-01 7.300e+01 9.000e+01 0.000e+00 1.000e+01 0.000e+00
7.810e+01 7.350e+01 6.685e+00 9.000e+01 1.515e-01 0.000e+00 1.829e-03 0.000e+00 2.293e-01 7.300e+01 9.000e+01 0.000e+00 1.000e+01 0.000e+00
7.900e+01 7.350e+01 7.563e+00 9.000e+01 1.616e-01 0.000e+00 1.829e-03 0.000e+00 2.291e-01 7.300e+01 9.000e+01 0.000e+00 1.000e+01 0.000e+00
7.730e+01 7.300e+01 6.768e+00 9.000e+01 1.216e-01 0.000e+00 1.616e-03 0.000e+00 2.183e-01 7.300e+01 9.000e+01 0.000e+00 1.000e+01 0.000e+00
7.900e+01 7.350e+01 7.563e+00 9.000e+01 1.516e-01 0.000e+00 1.771e-03 0.000e+00 2.204e-01 7.300e+01 9.000e+01 0.000e+00 1.000e+01 0.000e+00
7.980e+01 7.300e+01 8.328e+00 9.000e+01 1.617e-01 0.000e+00 1.820e-03 0.000e+00 2.291e-01 7.300e+01 9.000e+01 0.000e+00 1.000e+01 0.000e+00
7.890e+01 7.300e+01 7.635e+00 9.000e+01 1.716e-01 0.000e+00 1.820e-03 0.000e+00 2.533e-01 7.300e+01 9.000e+01 0.000e+00 1.000e+01 0.000e+00
7.890e+01 7.300e+01 7.635e+00 9.000e+01 2.116e-01 0.000e+00 1.820e-03 0.000e+00 2.845e-01 7.300e+01 9.000e+01 0.000e+00 1.000e+01 0.000e+00
8.060e+01 7.700e+01 8.015e+00 9.000e+01 2.417e-01 0.000e+00 1.516e-01 0.000e+00 2.764e-01 7.300e+01 9.000e+01 0.000e+00 1.000e+01 0.000e+00
8.060e+01 7.700e+01 8.015e+00 9.000e+01 2.617e-01 0.000e+00 1.515e-01 0.000e+00 2.871e-01 7.300e+01 9.000e+01 0.000e+00 1.000e+01 0.000e+00
7.890e+01 7.300e+01 7.635e+00 9.000e+01 2.216e-01 0.000e+00 1.774e-03 0.000e+00 2.926e-01 7.300e+01 9.000e+01 0.000e+00 1.000e+01 0.000e+00
7.890e+01 7.300e+01 7.635e+00 9.000e+01 2.316e-01 0.000e+00 1.774e-03 0.000e+00 3.131e-01 7.300e+01 9.000e+01 0.000e+00 1.000e+01 0.000e+00
7.890e+01 7.300e+01 7.635e+00 9.000e+01 2.116e-01 0.000e+00 1.774e-03 0.000e+00 2.946e-01 7.300e+01 9.000e+01 0.000e+00 1.000e+01 0.000e+00
7.800e+01 7.300e+01 6.753e+00 9.000e+01 2.315e-01 0.000e+00 1.767e-03 0.000e+00 3.066e-01 7.300e+01 9.000e+01 0.000e+00 1.000e+01 0.000e+00
7.630e+01 7.300e+01 5.551e+00 8.595e+01 1.814e-01 0.000e+00 1.701e-03 0.000e+00 2.991e-01 7.300e+01 9.000e+01 0.000e+00 1.000e+01 0.000e+00
7.710e+01 7.300e+01 5.594e+00 8.595e+01 2.213e-01 0.000e+00 1.701e-03 0.000e+00 2.991e-01 7.300e+01 9.000e+01 0.000e+00 1.000e+01 0.000e+00
7.800e+01 7.300e+01 6.753e+00 9.000e+01 1.514e-01 0.000e+00 1.729e-03 0.000e+00 1.960e-01 7.300e+01 9.000e+01 0.000e+00 1.000e+01 0.000e+00
7.710e+01 7.300e+01 5.594e+00 8.595e+01 1.413e-01 0.000e+00 1.724e-03 0.000e+00 1.853e-01 7.300e+01 9.000e+01 0.000e+00 1.000e+01 0.000e+00
7.800e+01 7.300e+01 6.753e+00 9.000e+01 1.614e-01 0.000e+00 1.724e-03 0.000e+00 2.289e-01 7.300e+01 9.000e+01 0.000e+00 1.000e+01 0.000e+00
7.970e+01 7.700e+01 7.390e+00 9.000e+01 1.815e-01 0.000e+00 1.017e-01 0.000e+00 2.227e-01 7.300e+01 9.000e+01 0.000e+00 1.000e+01 0.000e+00
8.060e+01 7.700e+01 8.015e+00 9.000e+01 1.815e-01 0.000e+00 1.017e-01 0.000e+00 2.228e-01 7.300e+01 9.000e+01 0.000e+00 1.000e+01 0.000e+00
8.060e+01 7.700e+01 8.015e+00 9.000e+01 2.116e-01 0.000e+00 1.017e-01 0.000e+00 2.429e-01 7.300e+01 9.000e+01 0.000e+00 1.000e+01 0.000e+00
7.980e+01 7.300e+01 8.328e+00 9.000e+01 1.817e-01 0.000e+00 1.716e-03 0.000e+00 2.484e-01 7.300e+01 9.000e+01 0.000e+00 1.000e+01 0.000e+00
7.890e+01 7.300e+01 7.635e+00 9.000e+01 2.017e-01 0.000e+00 1.826e-03 0.000e+00 2.933e-01 7.300e+01 9.000e+01 0.000e+00 1.000e+01 0.000e+00
7.800e+01 7.300e+01 6.753e+00 9.000e+01 2.215e-01 0.000e+00 1.826e-03 0.000e+00 2.993e-01 7.300e+01 9.000e+01 0.000e+00 1.000e+01 0.000e+00
7.630e+01 7.300e+01 5.551e+00 8.595e+01 1.815e-01 0.000e+00 1.800e-03 0.000e+00 2.993e-01 7.300e+01 9.000e+01 0.000e+00 1.000e+01 0.000e+00
7.540e+01 7.300e+01 3.666e+00 8.100e+01 2.014e-01 0.000e+00 1.800e-03 0.000e+00 3.254e-01 7.300e+01 8.100e+01 0.000e+00 1.000e+01 0.000e+00
7.710e+01 7.300e+01 5.594e+00 8.595e+01 2.515e-01 0.000e+00 2.315e-03 0.000e+00 3.292e-01 7.300e+01 9.000e+01 0.000e+00 1.000e+01 0.000e+00
7.800e+01 7.300e+01 6.753e+00 9.000e+01 2.115e-01 0.000e+00 2.291e-03 0.000e+00 2.661e-01 7.300e+01 9.000e+01 0.000e+00 1.000e+01 0.000e+00
7.720e+01 7.300e+01 6.823e+00 9.000e+01 1.716e-01 0.000e+00 1.825e-03 0.000e+00 2.646e-01 7.300e+01 9.000e+01 0.000e+00 1.000e+01 0.000e+00
7.800e+01 7.300e+01 6.753e+00 9.000e+01 1.916e-01 0.000e+00 2.272e-03 0.000e+00 2.585e-01 7.300e+01 9.000e+01 0.000e+00 1.000e+01 0.000e+00
7.890e+01 7.300e+01 7.635e+00 9.000e+01 1.716e-01 0.000e+00 2.272e-03 0.000e+00 2.238e-01 7.300e+01 9.000e+01 0.000e+00 1.000e+01 0.000e+00
7.800e+01 7.300e+01 6.753e+00 9.000e+01 1.615e-01 0.000e+00 1.806e-03 0.000e+00 2.108e-01 7.300e+01 9.000e+01 0.000e+00 1.000e+01 0.000e+00
7.630e+01 7.300e+01 5.551e+00 8.595e+01 1.116e-01 0.000e+00 1.806e-03 0.000e+00 1.813e-01 7.300e+01 9.000e+01 0.000e+00 1.000e+01 0.000e+00
7.800e+01 7.300e+01 6.753e+00 9.000e+01 1.316e-01 0.000e+00 2.524e-03 0.000e+00 1.791e-01 7.300e+01 9.000e+01 0.000e+00 1.000e+01 0.000e+00
7.890e+01 7.300e+01 7.635e+00 9.000e+01 1.417e-01 0.000e+00 2.469e-03 0.000e+00 1.855e-01 7.300e+01 9.000e+01 0.000e+00 1.000e+01 0.000e+00
7.890e+01 7.300e+01 7.635e+00 9.000e+01 1.717e-01 0.000e+00 2.421e-03 0.000e+00 2.534e-01 7.300e+01 9.000e+01 0.000e+00 1.000e+01 0.000e+00
7.810e+01 7.300e+01 7.790e+00 9.000e+01 1.317e-01 0.000e+00 1.638e-03 0.000e+00 2.454e-01 7.300e+01 9.000e+01 0.000e+00 1.000e+01 0.000e+00
7.980e+01 7.300e+01 8.328e+00 9.000e+01 2.216e-01 0.000e+00 1.768e-03 0.000e+00 3.313e-01 7.300e+01 9.000e+01 0.000e+00 1.000e+01 0.000e+00
7.890e+01 7.300e+01 7.635e+00 9.000e+01 2.115e-01 0.000e+00 1.768e-03 0.000e+00 3.333e-01 7.300e+01 9.000e+01 0.000e+00 1.000e+01 0.000e+00
7.890e+01 7.300e+01 7.635e+00 9.000e+01 2.216e-01 0.000e+00 1.880e-03 0.000e+00 3.373e-01 7.300e+01 9.000e+01 0.000e+00 1.000e+01 0.000e+00
7.890e+01 7.300e+01 7.635e+00 9.000e+01 1.571e-01 1.003e+00 1.864e-03 1.003e+00 2.912e-01 7.300e+01 9.000e+01 0.000e+00 9.000e+00 1.000e+00
7.890e+01 7.300e+01 7.635e+00 9.000e+01 1.571e-01 1.003e+00 1.864e-03 1.003e+00 2.912e-01 7.300e+01 9.000e+01 0.000e+00 9.000e+00 1.000e+00
7.810e+01 7.350e+01 6.685e+00 9.000e+01 6.390e-02 1.002e+00 1.546e-03 1.002e+00 1.318e-01 7.300e+01 9.000e+01 5.081e-04 8.000e+00 2.000e+00
7.900e+01 7.350e+01 7.563e+00 9.000e+01 1.517e-01 1.002e+00 1.678e-03 1.002e+00 2.787e-01 7.300e+01 9.000e+01 5.081e-04 8.000e+00 2.000e+00
7.730e+01 7.300e+01 6.768e+00 9.000e+01 1.016e-01 1.002e+00 1.486e-03 1.002e+00 2.649e-01 7.300e+01 9.000e+01 5.081e-04 8.000e+00 2.000e+00
7.650e+01 7.350e+01 5.445e+00 8.595e+01 1.460e-01 1.002e+00 1.435e-03 1.002e+00 2.796e-01 7.300e+01 9.000e+01 0.000e+00 9.000e+00 1.000e+00
7.650e+01 7.350e+01 5.445e+00 8.595e+01 1.460e-01 1.002e+00 1.618e-03 1.002e+00 2.795e-01 7.300e+01 9.000e+01 0.000e+00 9.000e+00 1.000e+00
7.640e+01 7.300e+01 5.499e+00 8.595e+01 1.516e-01 0.000e+00 1.685e-03 0.000e+00 2.657e-01 7.300e+01 9.000e+01 0.000e+00 1.000e+01 0.000e+00
7.460e+01 7.300e+01 3.231e+00 8.100e+01 7.128e-02 0.000e+00 1.527e-03 0.000e+00 1.552e-01 7.200e+01 8.100e+01 0.000e+00 1.000e+01 0.000e+00
7.630e+01 7.300e+01 5.569e+00 8.595e+01 7.900e-02 1.003e+00 1.435e-03 1.003e+00 1.618e-01 7.200e+01 9.000e+01 0.000e+00 9.000e+00 1.000e+00
7.540e+01 7.300e+01 5.444e+00 8.595e+01 2.352e-02 1.003e+00 1.511e-03 1.003e+00 6.278e-02 7.200e+01 9.000e+01 0.000e+00 9.000e+00 1.000e+00
7.620e+01 7.300e+01 5.618e+00 8.595e+01 1.126e-01 1.003e+00 1.511e-03 1.003e+00 2.520e-01 7.200e+01 9.000e+01 0.000e+00 9.000e+00 1.000e+00
7.540e+01 7.300e+01 5.444e+00 8.595e+01 9.052e-02 1.003e+00 1.511e-03 1.003e+00 2.520e-01 7.200e+01 9.000e+01 0.000e+00 9.000e+00 1.000e+00
7.630e+01 7.300e+01 5.551e+00 8.595e+01 1.240e-01 1.003e+00 1.541e-03 1.003e+00 2.577e-01 7.300e+01 9.000e+01 0.000e+00 9.000e+00 1.000e+00
7.470e+01 7.300e+01 3.164e+00 8.100e+01 1.118e-01 0.000e+00 1.727e-03 0.000e+00 2.472e-01 7.300e+01 8.100e+01 0.000e+00 1.000e+01 0.000e+00
7.550e+01 7.300e+01 3.612e+00 8.100e+01 1.517e-01 0.000e+00 1.727e-03 0.000e+00 2.581e-01 7.300e+01 8.100e+01 0.000e+00 1.000e+01 0.000e+00
7.640e+01 7.300e+01 5.499e+00 8.595e+01 1.617e-01 0.000e+00 1.780e-03 0.000e+00 2.837e-01 7.300e+01 9.000e+01 0.000e+00 1.000e+01 0.000e+00
7.810e+01 7.350e+01 6.685e+00 9.000e+01 1.816e-01 0.000e+00 1.780e-03 0.000e+00 2.788e-01 7.300e+01 9.000e+01 0.000e+00 1.000e+01 0.000e+00
7.900e+01 7.350e+01 7.563e+00 9.000e+01 1.716e-01 0.000e+00 1.780e-03 0.000e+00 2.761e-01 7.300e+01 9.000e+01 0.000e+00 1.000e+01 0.000e+00
8.060e+01 7.700e+01 8.015e+00 9.000e+01 2.417e-01 0.000e+00 1.016e-01 0.000e+00 3.108e-01 7.300e+01 9.000e+01 0.000e+00 1.000e+01 0.000e+00
8.130e+01 8.050e+01 8.319e+00 9.000e+01 2.117e-01 0.000e+00 5.180e-02 0.000e+00 3.084e-01 7.300e+01 9.000e+01 0.000e+00 1.000e+01 0.000e+00
7.960e+01 7.300e+01 8.102e+00 9.000e+01 1.216e-01 0.000e+00 1.796e-03 0.000e+00 2.090e-01 7.300e+01 9.000e+01 0.000e+00 1.000e+01 0.000e+00
7.960e+01 7.300e+01 8.102e+00 9.000e+01 1.417e-01 0.000e+00 2.115e-03 0.000e+00 2.246e-01 7.300e+01 9.000e+01 0.000e+00 1.000e+01 0.000e+00
7.960e+01 7.300e+01 8.102e+00 9.000e+01 2.017e-01 0.000e+00 2.115e-03 0.000e+00 3.002e-01 7.300e+01 9.000e+01 0.000e+00 1.000e+01 0.000e+00
7.790e+01 7.300e+01 7.503e+00 9.000e+01 1.316e-01 0.000e+00 1.709e-03 0.000e+00 2.533e-01 7.300e+01 9.000e+01 0.000e+00 1.000e+01 0.000e+00
7.650e+01 7.300e+01 6.756e+00 9.000e+01 1.216e-01 0.000e+00 1.672e-03 0.000e+00 2.562e-01 7.300e+01 9.000e+01 0.000e+00 1.000e+01 0.000e+00
7.730e+01 7.300e+01 6.768e+00 9.000e+01 2.016e-01 0.000e+00 1.762e-03 0.000e+00 3.225e-01 7.300e+01 9.000e+01 0.000e+00 1.000e+01 0.000e+00
7.640e+01 7.300e+01 5.499e+00 8.595e+01 2.114e-01 0.000e+00 1.578e-03 0.000e+00 3.300e-01 7.300e+01 9.000e+01 0.000e+00 1.000e+01 0.000e+00
7.470e+01 7.300e+01 3.164e+00 8.100e+01 1.314e-01 0.000e+00 1.578e-03 0.000e+00 2.684e-01 7.300e+01 8.100e+01 0.000e+00 1.000e+01 0.000e+00
7.550e+01 7.300e+01 3.612e+00 8.100e+01 1.614e-01 0.000e+00 1.770e-03 0.000e+00 2.689e-01 7.300e+01 8.100e+01 0.000e+00 1.000e+01 0.000e+00
7.620e+01 7.300e+01 3.919e+00 8.100e+01 2.514e-01 0.000e+00 1.770e-03 0.000e+00 3.413e-01 7.300e+01 8.100e+01 0.000e+00 1.000e+01 0.000e+00
7.540e+01 7.300e+01 3.666e+00 8.100e+01 1.714e-01 0.000e+00 1.767e-03 0.000e+00 2.935e-01 7.300e+01 8.100e+01 0.000e+00 1.000e+01 0.000e+00
7.540e+01 7.300e+01 3.666e+00 8.100e+01 2.015e-01 0.000e+00 1.767e-03 0.000e+00 3.377e-01 7.300e+01 8.100e+01 0.000e+00 1.000e+01 0.000e+00
7.620e+01 7.300e+01 3.919e+00 8.100e+01 2.314e-01 0.000e+00 1.767e-03 0.000e+00 3.319e-01 7.300e+01 8.100e+01 0.000e+00 1.000e+01 0.000e+00
7.540e+01 7.300e+01 3.666e+00 8.100e+01 2.014e-01 0.000e+00 1.668e-03 0.000e+00 3.377e-01 7.300e+01 8.100e+01 0.000e+00 1.000e+01 0.000e+00
7.540e+01 7.300e+01 3.666e+00 8.100e+01 1.413e-01 0.000e+00 1.668e-03 0.000e+00 2.497e-01 7.300e+01 8.100e+01 0.000e+00 1.000e+01 0.000e+00
7.710e+01 7.300e+01 5.594e+00 8.595e+01 1.569e-01 1.003e+00 1.645e-03 1.003e+00 2.586e-01 7.300e+01 9.000e+01 0.000e+00 9.000e+00 1.000e+00
7.800e+01 7.300e+01 6.753e+00 9.000e+01 1.680e-01 1.003e+00 1.635e-03 1.003e+00 2.869e-01 7.300e+01 9.000e+01 0.000e+00 9.000e+00 1.000e+00
7.720e+01 7.300e+01 6.823e+00 9.000e+01 1.348e-01 1.003e+00 1.552e-03 1.003e+00 2.869e-01 7.300e+01 9.000e+01 0.000e+00 9.000e+00 1.000e+00
7.890e+01 7.300e+01 7.635e+00 9.000e+01 1.905e-01 1.003e+00 1.635e-03 1.003e+00 3.036e-01 7.300e+01 9.000e+01 0.000e+00 9.000e+00 1.000e+00
7.810e+01 7.300e+01 7.790e+00 9.000e+01 1.572e-01 1.003e+00 1.536e-03 1.003e+00 3.061e-01 7.300e+01 9.000e+01 0.000e+00 9.000e+00 1.000e+00
7.720e+01 7.300e+01 6.823e+00 9.000e+01 1.616e-01 0.000e+00 1.606e-03 0.000e+00 2.907e-01 7.300e+01 9.000e+01 0.000e+00 1.000e+01 0.000e+00
7.730e+01 7.300e+01 6.768e+00 9.000e+01 1.018e-01 0.000e+00 2.195e-03 0.000e+00 1.673e-01 7.300e+01 9.000e+01 0.000e+00 1.000e+01 0.000e+00
7.730e+01 7.300e+01 6.768e+00 9.000e+01 1.018e-01 0.000e+00 2.195e-03 0.000e+00 1.673e-01 7.300e+01 9.000e+01 0.000e+00 1.000e+01 0.000e+00
7.640e+01 7.300e+01 5.499e+00 8.595e+01 1.417e-01 0.000e+00 1.649e-03 0.000e+00 2.728e-01 7.300e+01 9.000e+01 0.000e+00 1.000e+01 0.000e+00
7.720e+01 7.350e+01 5.528e+00 8.595e+01 1.716e-01 0.000e+00 2.425e-03 0.000e+00 2.721e-01 7.300e+01 9.000e+01 0.000e+00 1.000e+01 0.000e+00
7.640e+01 7.300e+01 5.499e+00 8.595e+01 1.517e-01 0.000e+00 1.721e-03 0.000e+00 2.765e-01 7.300e+01 9.000e+01 0.000e+00 1.000e+01 0.000e+00
7.540e+01 7.300e+01 3.666e+00 8.100e+01 1.314e-01 0.000e+00 1.672e-03 0.000e+00 2.722e-01 7.300e+01 8.100e+01 0.000e+00 1.000e+01 0.000e+00
7.620e+01 7.300e+01 3.919e+00 8.100e+01 1.813e-01 0.000e+00 1.756e-03 0.000e+00 2.892e-01 7.300e+01 8.100e+01 0.000e+00 1.000e+01 0.000e+00
7.710e+01 7.300e+01 5.594e+00 8.595e+01 1.614e-01 0.000e+00 1.770e-03 0.000e+00 2.418e-01 7.300e+01 9.000e+01 0.000e+00 1.000e+01 0.000e+00
7.800e+01 7.300e+01 6.753e+00 9.000e+01 2.116e-01 0.000e+00 1.770e-03 0.000e+00 3.084e-01 7.300e+01 9.000e+01 0.000e+00 1.000e+01 0.000e+00
7.970e+01 7.700e+01 7.390e+00 9.000e+01 2.616e-01 0.000e+00 5.117e-02 0.000e+00 3.108e-01 7.300e+01 9.000e+01 0.000e+00 1.000e+01 0.000e+00
8.060e+01 7.700e+01 8.015e+00 9.000e+01 3.117e-01 0.000e+00 2.515e-01 0.000e+00 3.211e-01 7.300e+01 9.000e+01 0.000e+00 1.000e+01 0.000e+00
7.980e+01 7.300e+01 8.328e+00 9.000e+01 2.618e-01 0.000e+00 1.724e-03 0.000e+00 3.265e-01 7.300e+01 9.000e+01 0.000e+00 1.000e+01 0.000e+00
7.890e+01 7.300e+01 7.635e+00 9.000e+01 2.820e-01 0.000e+00 3.136e-03 0.000e+00 3.572e-01 7.300e+01 9.000e+01 0.000e+00 1.000e+01 0.000e+00
7.720e+01 7.300e+01 6.823e+00 9.000e+01 2.019e-01 0.000e+00 1.782e-03 0.000e+00 3.193e-01 7.300e+01 9.000e+01 0.000e+00 1.000e+01 0.000e+00
7.720e+01 7.300e+01 6.823e+00 9.000e+01 1.920e-01 0.000e+00 1.782e-03 0.000e+00 3.112e-01 7.300e+01 9.000e+01 0.000e+00 1.000e+01 0.000e+00
7.700e+01 7.300e+01 6.465e+00 8.910e+01 1.419e-01 0.000e+00 1.778e-03 0.000e+00 2.799e-01 7.300e+01 9.000e+01 0.000e+00 1.000e+01 0.000e+00
7.870e+01 7.300e+01 7.363e+00 9.000e+01 1.820e-01 0.000e+00 3.206e-03 0.000e+00 2.855e-01 7.300e+01 9.000e+01 0.000e+00 1.000e+01 0.000e+00
7.960e+01 7.300e+01 8.102e+00 9.000e+01 1.617e-01 0.000e+00 1.824e-03 0.000e+00 2.376e-01 7.300e+01 9.000e+01 0.000e+00 1.000e+01 0.000e+00
8.130e+01 8.050e+01 8.319e+00 9.000e+01 2.118e-01 0.000e+00 5.176e-02 0.000e+00 2.509e-01 7.300e+01 9.000e+01 0.000e+00 1.000e+01 0.000e+00
8.110e+01 8.050e+01 8.130e+00 9.000e+01 1.818e-01 0.000e+00 5.176e-02 0.000e+00 2.443e-01 7.300e+01 9.000e+01 0.000e+00 1.000e+01 0.000e+00
8.040e+01 7.700e+01 7.800e+00 9.000e+01 2.117e-01 0.000e+00 5.179e-02 0.000e+00 2.509e-01 7.300e+01 9.000e+01 0.000e+00 1.000e+01 0.000e+00
7.870e+01 7.300e+01 7.363e+00 9.000e+01 1.717e-01 0.000e+00 1.989e-03 0.000e+00 2.493e-01 7.300e+01 9.000e+01 0.000e+00 1.000e+01 0.000e+00
7.780e+01 7.300e+01 6.416e+00 8.910e+01 1.128e-01 1.002e+00 1.908e-03 1.002e+00 1.853e-01 7.300e+01 9.000e+01 0.000e+00 9.000e+00 1.000e+00
7.760e+01 7.300e+01 6.053e+00 8.800e+01 6.824e-02 1.002e+00 1.908e-03 1.002e+00 1.247e-01 7.300e+01 8.800e+01 0.000e+00 9.000e+00 1.000e+00
7.610e+01 7.300e+01 5.069e+00 8.485e+01 5.709e-02 1.002e+00 1.723e-03 1.002e+00 1.257e-01 7.300e+01 8.800e+01 0.000e+00 9.000e+00 1.000e+00
7.700e+01 7.300e+01 6.465e+00 8.910e+01 1.017e-01 1.002e+00 1.723e-03 1.002e+00 2.496e-01 7.300e+01 9.000e+01 0.000e+00 9.000e+00 1.000e+00
7.700e+01 7.300e+01 6.465e+00 8.910e+01 1.016e-01 1.002e+00 1.625e-03 1.002e+00 2.497e-01 7.300e+01 9.000e+01 0.000e+00 9.000e+00 1.000e+00
7.700e+01 7.300e+01 6.465e+00 8.910e+01 1.115e-01 0.000e+00 1.674e-03 0.000e+00 2.387e-01 7.300e+01 9.000e+01 0.000e+00 1.000e+01 0.000e+00
7.560e+01 7.300e+01 5.352e+00 8.595e+01 1.016e-01 0.000e+00 1.674e-03 0.000e+00 2.410e-01 7.300e+01 9.000e+01 0.000e+00 1.000e+01 0.000e+00
7.650e+01 7.350e+01 5.445e+00 8.595e+01 1.924e-01 0.000e+00 1.993e-03 0.000e+00 3.359e-01 7.300e+01 9.000e+01 0.000e+00 1.000e+01 0.000e+00
7.480e+01 7.300e+01 3.124e+00 8.100e+01 1.123e-01 0.000e+00 1.711e-03 0.000e+00 2.700e-01 7.300e+01 8.100e+01 0.000e+00 1.000e+01 0.000e+00
7.490e+01 7.350e+01 3.081e+00 8.100e+01 1.131e-01 0.000e+00 3.019e-03 0.000e+00 2.696e-01 7.300e+01 8.100e+01 0.000e+00 1.000e+01 0.000e+00
7.490e+01 7.350e+01 3.081e+00 8.100e+01 1.433e-01 0.000e+00 3.194e-03 0.000e+00 2.934e-01 7.300e+01 8.100e+01 0.000e+00 1.000e+01 0.000e+00
7.480e+01 7.300e+01 3.124e+00 8.100e+01 1.432e-01 0.000e+00 3.194e-03 0.000e+00 2.935e-01 7.300e+01 8.100e+01 0.000e+00 1.000e+01 0.000e+00
7.560e+01 7.300e+01 5.352e+00 8.595e+01 7.293e-02 0.000e+00 3.194e-03 0.000e+00 1.550e-01 7.300e+01 9.000e+01 0.000e+00 1.000e+01 0.000e+00
7.560e+01 7.300e+01 5.352e+00 8.595e+01 7.312e-02 0.000e+00 3.574e-03 0.000e+00 1.549e-01 7.300e+01 9.000e+01 0.000e+00 1.000e+01 0.000e+00
7.640e+01 7.300e+01 5.499e+00 8.595e+01 1.025e-01 0.000e+00 2.827e-03 0.000e+00 1.674e-01 7.300e+01 9.000e+01 0.000e+00 1.000e+01 0.000e+00
7.560e+01 7.300e+01 5.352e+00 8.595e+01 5.257e-02 0.000e+00 2.551e-03 0.000e+00 1.028e-01 7.300e+01 9.000e+01 0.000e+00 1.000e+01 0.000e+00
7.730e+01 7.300e+01 6.768e+00 9.000e+01 1.027e-01 0.000e+00 3.207e-03 0.000e+00 1.674e-01 7.300e+01 9.000e+01 0.000e+00 1.000e+01 0.000e+00
7.560e+01 7.300e+01 5.352e+00 8.595e+01 8.221e-02 0.000e+00 2.071e-03 0.000e+00 1.664e-01 7.300e+01 9.000e+01 0.000e+00 1.000e+01 0.000e+00
7.640e+01 7.300e+01 5.499e+00 8.595e+01 1.223e-01 0.000e+00 2.736e-03 0.000e+00 1.887e-01 7.300e+01 9.000e+01 0.000e+00 1.000e+01 0.000e+00
7.550e+01 7.300e+01 5.390e+00 8.595e+01 9.219e-02 0.000e+00 2.097e-03 0.000e+00 1.814e-01 7.300e+01 9.000e+01 0.000e+00 1.000e+01 0.000e+00
7.630e+01 7.300e+01 5.551e+00 8.595e+01 1.722e-01 0.000e+00 2.097e-03 0.000e+00 2.762e-01 7.300e+01 9.000e+01 0.000e+00 1.000e+01 0.000e+00
7.470e+01 7.300e+01 3.164e+00 8.100e+01 1.229e-01 0.000e+00 1.787e-03 0.000e+00 2.561e-01 7.300e+01 8.100e+01 0.000e+00 1.000e+01 0.000e+00
7.470e+01 7.300e+01 3.164e+00 8.100e+01 1.232e-01 0.000e+00 2.545e-03 0.000e+00 2.560e-01 7.300e+01 8.100e+01 0.000e+00 1.000e+01 0.000e+00
7.390e+01 7.300e+01 2.385e+00 7.785e+01 8.339e-02 0.000e+00 2.171e-03 0.000e+00 2.400e-01 7.300e+01 8.100e+01 0.000e+00 1.000e+01 0.000e+00
7.470e+01 7.300e+01 3.164e+00 8.100e+01 1.736e-01 0.000e+00 2.869e-03 0.000e+00 3.403e-01 7.300e+01 8.100e+01 0.000e+00 1.000e+01 0.000e+00
7.390e+01 7.300e+01 2.385e+00 7.785e+01 9.337e-02 0.000e+00 2.545e-03 0.000e+00 2.696e-01 7.300e+01 8.100e+01 0.000e+00 1.000e+01 0.000e+00
7.470e+01 7.300e+01 3.164e+00 8.100e+01 1.325e-01 0.000e+00 2.545e-03 0.000e+00 2.828e-01 7.300e+01 8.100e+01 0.000e+00 1.000e+01 0.000e+00
7.470e+01 7.300e+01 3.164e+00 8.100e+01 1.326e-01 0.000e+00 2.417e-03 0.000e+00 2.828e-01 7.300e+01 8.100e+01 0.000e+00 1.000e+01 0.000e+00
7.560e+01 7.350e+01 3.555e+00 8.100e+01 1.624e-01 0.000e+00 3.731e-03 0.000e+00 2.833e-01 7.300e+01 8.100e+01 0.000e+00 1.000e+01 0.000e+00
7.480e+01 7.300e+01 3.124e+00 8.100e+01 7.244e-02 0.000e+00 2.943e-03 0.000e+00 1.415e-01 7.300e+01 8.100e+01 0.000e+00 1.000e+01 0.000e+00
7.490e+01 7.350e+01 3.081e+00 8.100e+01 7.255e-02 0.000e+00 2.994e-03 0.000e+00 1.414e-01 7.300e+01 8.100e+01 0.000e+00 1.000e+01 0.000e+00
7.480e+01 7.300e+01 3.124e+00 8.100e+01 1.025e-01 0.000e+00 2.994e-03 0.000e+00 2.186e-01 7.300e+01 8.100e+01 0.000e+00 1.000e+01 0.000e+00
7.630e+01 7.350e+01 4.961e+00 8.485e+01 1.122e-01 0.000e+00 2.994e-03 0.000e+00 2.162e-01 7.300e+01 8.800e+01 0.000e+00 1.000e+01 0.000e+00
7.540e+01 7.300e+01 4.821e+00 8.485e+01 8.185e-02 0.000e+00 1.923e-03 0.000e+00 2.087e-01 7.300e+01 8.800e+01 0.000e+00 1.000e+01 0.000e+00
7.710e+01 7.300e+01 6.410e+00 8.910e+01 1.317e-01 0.000e+00 1.773e-03 0.000e+00 2.412e-01 7.300e+01 9.000e+01 0.000e+00 1.000e+01 0.000e+00
7.700e+01 7.300e+01 6.465e+00 8.910e+01 1.316e-01 0.000e+00 1.562e-03 0.000e+00 2.412e-01 7.300e+01 9.000e+01 0.000e+00 1.000e+01 0.000e+00
7.700e+01 7.300e+01 6.465e+00 8.910e+01 1.518e-01 0.000e+00 1.640e-03 0.000e+00 2.910e-01 7.300e+01 9.000e+01 0.000e+00 1.000e+01 0.000e+00
7.550e+01 7.300e+01 5.390e+00 8.595e+01 1.418e-01 0.000e+00 1.411e-03 0.000e+00 2.942e-01 7.300e+01 9.000e+01 0.000e+00 1.000e+01 0.000e+00
7.630e+01 7.300e+01 5.551e+00 8.595e+01 1.822e-01 0.000e+00 2.279e-03 0.000e+00 2.994e-01 7.300e+01 9.000e+01 0.000e+00 1.000e+01 0.000e+00
7.460e+01 7.300e+01 3.200e+00 8.100e+01 1.322e-01 0.000e+00 1.989e-03 0.000e+00 2.830e-01 7.300e+01 8.100e+01 0.000e+00 1.000e+01 0.000e+00
7.470e+01 7.300e+01 3.164e+00 8.100e+01 1.334e-01 0.000e+00 2.570e-03 0.000e+00 2.825e-01 7.300e+01 8.100e+01 0.000e+00 1.000e+01 0.000e+00
7.470e+01 7.300e+01 3.164e+00 8.100e+01 4.803e-02 1.002e+00 2.431e-03 1.002e+00 1.253e-01 7.300e+01 8.100e+01 0.000e+00 9.000e+00 1.000e+00
7.470e+01 7.300e+01 3.164e+00 8.100e+01 4.819e-02 1.002e+00 2.431e-03 1.002e+00 1.252e-01 7.300e+01 8.100e+01 0.000e+00 9.000e+00 1.000e+00
7.470e+01 7.300e+01 3.164e+00 8.100e+01 5.902e-02 1.002e+00 2.302e-03 1.002e+00 1.571e-01 7.300e+01 8.100e+01 0.000e+00 9.000e+00 1.000e+00
7.470e+01 7.300e+01 3.164e+00 8.100e+01 5.910e-02 1.002e+00 2.302e-03 1.002e+00 1.570e-01 7.300e+01 8.100e+01 0.000e+00 9.000e+00 1.000e+00
7.460e+01 7.300e+01 3.200e+00 8.100e+01 5.787e-02 1.002e+00 2.274e-03 1.002e+00 1.574e-01 7.300e+01 8.100e+01 0.000e+00 9.000e+00 1.000e+00
7.470e+01 7.300e+01 3.164e+00 8.100e+01 1.322e-01 0.000e+00 2.156e-03 0.000e+00 2.688e-01 7.300e+01 8.100e+01 0.000e+00 1.000e+01 0.000e+00
7.470e+01 7.300e+01 3.164e+00 8.100e+01 1.321e-01 0.000e+00 2.099e-03 0.000e+00 2.688e-01 7.300e+01 8.100e+01 0.000e+00 1.000e+01 0.000e+00
7.560e+01 7.300e+01 5.352e+00 8.595e+01 1.220e-01 0.000e+00 2.099e-03 0.000e+00 2.563e-01 7.300e+01 9.000e+01 0.000e+00 1.000e+01 0.000e+00
7.710e+01 7.300e+01 6.410e+00 8.910e+01 1.318e-01 0.000e+00 2.099e-03 0.000e+00 2.534e-01 7.300e+01 9.000e+01 0.000e+00 1.000e+01 0.000e+00
7.720e+01 7.350e+01 6.353e+00 8.910e+01 1.320e-01 0.000e+00 2.456e-03 0.000e+00 2.533e-01 7.300e+01 9.000e+01 0.000e+00 1.000e+01 0.000e+00
7.630e+01 7.300e+01 6.373e+00 8.910e+01 5.187e-02 0.000e+00 1.922e-03 0.000e+00 1.204e-01 7.300e+01 9.000e+01 0.000e+00 1.000e+01 0.000e+00
7.710e+01 7.300e+01 6.410e+00 8.910e+01 1.219e-01 0.000e+00 2.220e-03 0.000e+00 2.271e-01 7.300e+01 9.000e+01 0.000e+00 1.000e+01 0.000e+00
7.540e+01 7.300e+01 4.821e+00 8.485e+01 8.214e-02 0.000e+00 2.368e-03 0.000e+00 2.087e-01 7.300e+01 8.800e+01 0.000e+00 1.000e+01 0.000e+00
7.390e+01 7.300e+01 2.385e+00 7.785e+01 7.224e-02 0.000e+00 2.224e-03 0.000e+00 2.099e-01 7.300e+01 8.100e+01 0.000e+00 1.000e+01 0.000e+00
7.390e+01 7.300e+01 2.385e+00 7.785e+01 7.240e-02 0.000e+00 2.224e-03 0.000e+00 2.098e-01 7.300e+01 8.100e+01 0.000e+00 1.000e+01 0.000e+00
7.480e+01 7.300e+01 3.124e+00 8.100e+01 1.427e-01 0.000e+00 2.953e-03 0.000e+00 2.799e-01 7.300e+01 8.100e+01 0.000e+00 1.000e+01 0.000e+00
7.400e+01 7.300e+01 2.366e+00 7.785e+01 7.285e-02 0.000e+00 2.953e-03 0.000e+00 2.101e-01 7.300e+01 8.100e+01 0.000e+00 1.000e+01 0.000e+00
7.570e+01 7.300e+01 5.311e+00 8.595e+01 1.226e-01 0.000e+00 2.953e-03 0.000e+00 2.442e-01 7.300e+01 9.000e+01 0.000e+00 1.000e+01 0.000e+00
7.570e+01 7.300e+01 5.311e+00 8.595e+01 1.225e-01 0.000e+00 2.953e-03 0.000e+00 2.443e-01 7.300e+01 9.000e+01 0.000e+00 1.000e+01 0.000e+00
7.640e+01 7.300e+01 5.499e+00 8.595e+01 1.421e-01 0.000e+00 2.537e-03 0.000e+00 2.420e-01 7.300e+01 9.000e+01 0.000e+00 1.000e+01 0.000e+00
7.550e+01 7.300e+01 5.390e+00 8.595e+01 7.230e-02 0.000e+00 2.718e-03 0.000e+00 1.552e-01 7.300e+01 9.000e+01 0.000e+00 1.000e+01 0.000e+00
7.550e+01 7.300e+01 5.390e+00 8.595e+01 7.268e-02 0.000e+00 3.646e-03 0.000e+00 1.550e-01 7.300e+01 9.000e+01 0.000e+00 1.000e+01 0.000e+00
7.380e+01 7.300e+01 2.400e+00 7.740e+01 2.340e-02 0.000e+00 3.646e-03 0.000e+00 5.952e-02 7.300e+01 8.100e+01 0.000e+00 1.000e+01 0.000e+00
7.460e+01 7.300e+01 3.200e+00 8.100e+01 1.035e-01 0.000e+00 4.068e-03 0.000e+00 2.404e-01 7.300e+01 8.100e+01 0.000e+00 1.000e+01 0.000e+00
7.380e+01 7.300e+01 2.400e+00 7.740e+01 8.344e-02 0.000e+00 3.646e-03 0.000e+00 2.397e-01 7.300e+01 8.100e+01 0.000e+00 1.000e+01 0.000e+00
7.530e+01 7.300e+01 4.859e+00 8.485e+01 9.305e-02 0.000e+00 3.149e-03 0.000e+00 2.383e-01 7.300e+01 8.800e+01 0.000e+00 1.000e+01 0.000e+00
7.530e+01 7.300e+01 4.859e+00 8.485e+01 9.248e-02 0.000e+00 2.003e-03 0.000e+00 2.385e-01 7.300e+01 8.800e+01 0.000e+00 1.000e+01 0.000e+00
7.700e+01 7.300e+01 6.465e+00 8.910e+01 1.818e-01 0.000e+00 1.610e-03 0.000e+00 3.375e-01 7.300e+01 9.000e+01 0.000e+00 1.000e+01 0.000e+00
7.790e+01 7.300e+01 7.503e+00 9.000e+01 1.617e-01 0.000e+00 1.610e-03 0.000e+00 3.043e-01 7.300e+01 9.000e+01 0.000e+00 1.000e+01 0.000e+00
7.790e+01 7.300e+01 7.503e+00 9.000e+01 1.617e-01 0.000e+00 1.654e-03 0.000e+00 3.043e-01 7.300e+01 9.000e+01 0.000e+00 1.000e+01 0.000e+00
7.720e+01 7.300e+01 6.823e+00 9.000e+01 2.016e-01 0.000e+00 1.585e-03 0.000e+00 3.197e-01 7.300e+01 9.000e+01 0.000e+00 1.000e+01 0.000e+00
7.890e+01 7.300e+01 7.635e+00 9.000e+01 2.216e-01 0.000e+00 1.730e-03 0.000e+00 3.127e-01 7.300e+01 9.000e+01 0.000e+00 1.000e+01 0.000e+00
7.890e+01 7.300e+01 7.635e+00 9.000e+01 1.460e-01 1.002e+00 1.796e-03 1.002e+00 2.265e-01 7.300e+01 9.000e+01 0.000e+00 9.000e+00 1.000e+00
7.720e+01 7.300e+01 6.823e+00 9.000e+01 7.930e-02 1.002e+00 1.664e-03 1.002e+00 1.617e-01 7.300e+01 9.000e+01 0.000e+00 9.000e+00 1.000e+00
7.810e+01 7.350e+01 6.685e+00 9.000e+01 1.793e-01 1.002e+00 1.664e-03 1.002e+00 3.010e-01 7.300e+01 9.000e+01 0.000e+00 9.000e+00 1.000e+00
7.740e+01 7.350e+01 6.711e+00 9.000e+01 1.239e-01 1.002e+00 1.824e-03 1.002e+00 2.820e-01 7.300e+01 9.000e+01 0.000e+00 9.000e+00 1.000e+00
7.570e+01 7.300e+01 5.311e+00 8.595e+01 1.016e-01 1.002e+00 1.543e-03 1.002e+00 2.829e-01 7.300e+01 9.000e+01 0.000e+00 9.000e+00 1.000e+00
7.480e+01 7.300e+01 3.124e+00 8.100e+01 1.216e-01 0.000e+00 1.684e-03 0.000e+00 2.750e-01 7.300e+01 8.100e+01 0.000e+00 1.000e+01 0.000e+00
7.650e+01 7.350e+01 5.445e+00 8.595e+01 2.116e-01 0.000e+00 1.880e-03 0.000e+00 3.562e-01 7.300e+01 9.000e+01 0.000e+00 1.000e+01 0.000e+00
7.560e+01 7.300e+01 5.352e+00 8.595e+01 1.215e-01 0.000e+00 1.684e-03 0.000e+00 2.749e-01 7.300e+01 9.000e+01 0.000e+00 1.000e+01 0.000e+00
7.720e+01 7.300e+01 6.823e+00 9.000e+01 1.414e-01 0.000e+00 1.580e-03 0.000e+00 2.727e-01 7.300e+01 9.000e+01 0.000e+00 1.000e+01 0.000e+00
7.890e+01 7.300e+01 7.635e+00 9.000e+01 1.815e-01 0.000e+00 1.999e-03 0.000e+00 2.785e-01 7.300e+01 9.000e+01 0.000e+00 1.000e+01 0.000e+00
7.980e+01 7.300e+01 8.328e+00 9.000e+01 2.015e-01 0.000e+00 1.725e-03 0.000e+00 2.933e-01 7.300e+01 9.000e+01 0.000e+00 1.000e+01 0.000e+00
7.810e+01 7.300e+01 7.790e+00 9.000e+01 1.118e-01 0.000e+00 2.155e-03 0.000e+00 1.814e-01 7.300e+01 9.000e+01 0.000e+00 1.000e+01 0.000e+00
7.810e+01 7.300e+01 7.790e+00 9.000e+01 1.120e-01 0.000e+00 2.734e-03 0.000e+00 1.812e-01 7.300e+01 9.000e+01 0.000e+00 1.000e+01 0.000e+00
7.720e+01 7.300e+01 6.823e+00 9.000e+01 1.323e-01 0.000e+00 2.734e-03 0.000e+00 2.006e-01 7.300e+01 9.000e+01 0.000e+00 1.000e+01 0.000e+00
7.550e+01 7.300e+01 5.390e+00 8.595e+01 9.263e-02 0.000e+00 2.734e-03 0.000e+00 1.817e-01 7.300e+01 9.000e+01 0.000e+00 1.000e+01 0.000e+00
7.460e+01 7.300e+01 3.200e+00 8.100e+01 1.128e-01 0.000e+00 2.734e-03 0.000e+00 2.305e-01 7.300e+01 8.100e+01 0.000e+00 1.000e+01 0.000e+00
7.470e+01 7.300e+01 3.164e+00 8.100e+01 1.129e-01 0.000e+00 2.473e-03 0.000e+00 2.304e-01 7.300e+01 8.100e+01 0.000e+00 1.000e+01 0.000e+00
7.480e+01 7.300e+01 3.124e+00 8.100e+01 1.127e-01 0.000e+00 1.637e-03 0.000e+00 2.305e-01 7.300e+01 8.100e+01 0.000e+00 1.000e+01 0.000e+00
7.480e+01 7.300e+01 3.124e+00 8.100e+01 1.226e-01 0.000e+00 3.042e-03 0.000e+00 2.440e-01 7.300e+01 8.100e+01 0.000e+00 1.000e+01 0.000e+00
7.490e+01 7.350e+01 3.081e+00 8.100e+01 1.226e-01 0.000e+00 3.042e-03 0.000e+00 2.440e-01 7.300e+01 8.100e+01 0.000e+00 1.000e+01 0.000e+00
7.410e+01 7.300e+01 2.343e+00 7.785e+01 5.245e-02 0.000e+00 1.803e-03 0.000e+00 1.497e-01 7.300e+01 8.100e+01 0.000e+00 1.000e+01 0.000e+00
7.480e+01 7.300e+01 3.124e+00 8.100e+01 6.224e-02 0.000e+00 2.080e-03 0.000e+00 1.494e-01 7.300e+01 8.100e+01 0.000e+00 1.000e+01 0.000e+00
7.470e+01 7.300e+01 3.164e+00 8.100e+01 6.224e-02 0.000e+00 2.080e-03 0.000e+00 1.494e-01 7.300e+01 8.100e+01 0.000e+00 1.000e+01 0.000e+00
7.470e+01 7.300e+01 3.164e+00 8.100e+01 6.247e-02 0.000e+00 2.080e-03 0.000e+00 1.501e-01 7.300e+01 8.100e+01 0.000e+00 1.000e+01 0.000e+00
7.470e+01 7.300e+01 3.164e+00 8.100e+01 6.275e-02 0.000e+00 2.616e-03 0.000e+00 1.499e-01 7.300e+01 8.100e+01 0.000e+00 1.000e+01 0.000e+00
7.470e+01 7.300e+01 3.164e+00 8.100e+01 6.358e-02 0.000e+00 4.423e-03 0.000e+00 1.496e-01 7.300e+01 8.100e+01 0.000e+00 1.000e+01 0.000e+00
7.540e+01 7.300e+01 4.821e+00 8.485e+01 6.383e-02 0.000e+00 4.423e-03 0.000e+00 1.496e-01 7.300e+01 8.800e+01 0.000e+00 1.000e+01 0.000e+00
7.540e+01 7.300e+01 4.821e+00 8.485e+01 6.385e-02 0.000e+00 4.423e-03 0.000e+00 1.496e-01 7.300e+01 8.800e+01 0.000e+00 1.000e+01 0.000e+00
7.550e+01 7.300e+01 4.780e+00 8.485e+01 5.337e-02 0.000e+00 4.006e-03 0.000e+00 1.199e-01 7.300e+01 8.800e+01 0.000e+00 1.000e+01 0.000e+00
7.540e+01 7.300e+01 4.821e+00 8.485e+01 5.286e-02 0.000e+00 3.230e-03 0.000e+00 1.201e-01 7.300e+01 8.800e+01 0.000e+00 1.000e+01 0.000e+00
7.620e+01 7.300e+01 5.016e+00 8.485e+01 8.231e-02 0.000e+00 2.281e-03 0.000e+00 1.403e-01 7.300e+01 8.800e+01 0.000e+00 1.000e+01 0.000e+00
7.480e+01 7.300e+01 3.124e+00 8.100e+01 7.231e-02 0.000e+00 1.801e-03 0.000e+00 1.420e-01 7.300e+01 8.100e+01 0.000e+00 1.000e+01 0.000e+00
7.480e+01 7.300e+01 3.124e+00 8.100e+01 7.231e-02 0.000e+00 1.801e-03 0.000e+00 1.420e-01 7.300e+01 8.100e+01 0.000e+00 1.000e+01 0.000e+00
7.560e+01 7.300e+01 5.352e+00 8.595e+01 9.279e-02 0.000e+00 2.400e-03 0.000e+00 1.924e-01 7.300e+01 9.000e+01 0.000e+00 1.000e+01 0.000e+00
7.570e+01 7.300e+01 5.311e+00 8.595e+01 9.303e-02 0.000e+00 3.304e-03 0.000e+00 1.923e-01 7.300e+01 9.000e+01 0.000e+00 1.000e+01 0.000e+00
7.490e+01 7.300e+01 5.049e+00 8.280e+01 6.300e-02 0.000e+00 3.150e-03 0.000e+00 1.800e-01 7.300e+01 9.000e+01 0.000e+00 1.000e+01 0.000e+00
7.500e+01 7.300e+01 5.020e+00 8.280e+01 6.296e-02 0.000e+00 3.150e-03 0.000e+00 1.801e-01 7.300e+01 9.000e+01 0.000e+00 1.000e+01 0.000e+00
7.590e+01 7.400e+01 5.224e+00 8.595e+01 1.434e-01 0.000e+00 3.528e-03 0.000e+00 2.837e-01 7.300e+01 9.000e+01 0.000e+00 1.000e+01 0.000e+00
7.420e+01 7.350e+01 2.315e+00 7.785e+01 8.297e-02 0.000e+00 3.150e-03 0.000e+00 2.404e-01 7.300e+01 8.100e+01 0.000e+00 1.000e+01 0.000e+00
7.580e+01 7.350e+01 5.269e+00 8.595e+01 1.527e-01 0.000e+00 3.057e-03 0.000e+00 3.011e-01 7.300e+01 9.000e+01 0.000e+00 1.000e+01 0.000e+00
7.580e+01 7.350e+01 5.269e+00 8.595e+01 1.524e-01 0.000e+00 2.365e-03 0.000e+00 3.012e-01 7.300e+01 9.000e+01 0.000e+00 1.000e+01 0.000e+00
7.730e+01 7.300e+01 6.768e+00 9.000e+01 2.121e-01 0.000e+00 1.862e-03 0.000e+00 3.244e-01 7.300e+01 9.000e+01 0.000e+00 1.000e+01 0.000e+00
7.640e+01 7.300e+01 6.800e+00 9.000e+01 1.316e-01 0.000e+00 1.565e-03 0.000e+00 2.612e-01 7.300e+01 9.000e+01 0.000e+00 1.000e+01 0.000e+00
7.720e+01 7.300e+01 6.823e+00 9.000e+01 2.016e-01 0.000e+00 1.592e-03 0.000e+00 3.068e-01 7.300e+01 9.000e+01 0.000e+00 1.000e+01 0.000e+00
7.720e+01 7.300e+01 6.823e+00 9.000e+01 1.715e-01 0.000e+00 1.575e-03 0.000e+00 2.686e-01 7.300e+01 9.000e+01 0.000e+00 1.000e+01 0.000e+00
7.890e+01 7.300e+01 7.635e+00 9.000e+01 2.516e-01 0.000e+00 1.781e-03 0.000e+00 3.203e-01 7.300e+01 9.000e+01 0.000e+00 1.000e+01 0.000e+00
7.720e+01 7.300e+01 6.823e+00 9.000e+01 1.915e-01 0.000e+00 1.554e-03 0.000e+00 3.049e-01 7.300e+01 9.000e+01 0.000e+00 1.000e+01 0.000e+00
7.800e+01 7.300e+01 6.753e+00 9.000e+01 2.715e-01 0.000e+00 1.781e-03 0.000e+00 3.467e-01 7.300e+01 9.000e+01 0.000e+00 1.000e+01 0.000e+00
7.710e+01 7.300e+01 6.891e+00 9.000e+01 2.014e-01 0.000e+00 1.528e-03 0.000e+00 3.227e-01 7.200e+01 9.000e+01 0.000e+00 1.000e+01 0.000e+00
7.620e+01 7.300e+01 5.618e+00 8.595e+01 1.713e-01 0.000e+00 1.528e-03 0.000e+00 3.167e-01 7.200e+01 9.000e+01 0.000e+00 1.000e+01 0.000e+00
7.620e+01 7.300e+01 5.618e+00 8.595e+01 1.313e-01 0.000e+00 1.528e-03 0.000e+00 2.533e-01 7.200e+01 9.000e+01 0.000e+00 1.000e+01 0.000e+00
7.790e+01 7.300e+01 6.833e+00 9.000e+01 1.913e-01 0.000e+00 1.683e-03 0.000e+00 2.846e-01 7.200e+01 9.000e+01 0.000e+00 1.000e+01 0.000e+00
7.880e+01 7.300e+01 7.718e+00 9.000e+01 1.414e-01 0.000e+00 1.690e-03 0.000e+00 2.062e-01 7.200e+01 9.000e+01 0.000e+00 1.000e+01 0.000e+00
7.890e+01 7.300e+01 7.635e+00 9.000e+01 1.415e-01 0.000e+00 1.768e-03 0.000e+00 2.061e-01 7.300e+01 9.000e+01 0.000e+00 1.000e+01 0.000e+00
7.890e+01 7.300e+01 7.635e+00 9.000e+01 1.817e-01 0.000e+00 1.812e-03 0.000e+00 2.315e-01 7.300e+01 9.000e+01 0.000e+00 1.000e+01 0.000e+00
7.890e+01 7.300e+01 7.635e+00 9.000e+01 1.917e-01 0.000e+00 1.812e-03 0.000e+00 2.427e-01 7.300e+01 9.000e+01 0.000e+00 1.000e+01 0.000e+00
7.890e+01 7.300e+01 7.635e+00 9.000e+01 2.117e-01 0.000e+00 1.860e-03 0.000e+00 2.810e-01 7.300e+01 9.000e+01 0.000e+00 1.000e+01 0.000e+00
7.800e+01 7.300e+01 6.753e+00 9.000e+01 2.617e-01 0.000e+00 1.860e-03 0.000e+00 3.324e-01 7.300e+01 9.000e+01 0.000e+00 1.000e+01 0.000e+00
7.800e+01 7.300e+01 6.753e+00 9.000e+01 2.617e-01 0.000e+00 1.831e-03 0.000e+00 3.324e-01 7.300e+01 9.000e+01 0.000e+00 1.000e+01 0.000e+00
7.890e+01 7.300e+01 7.635e+00 9.000e+01 2.418e-01 0.000e+00 2.016e-03 0.000e+00 3.232e-01 7.300e+01 9.000e+01 0.000e+00 1.000e+01 0.000e+00
7.800e+01 7.300e+01 6.753e+00 9.000e+01 2.617e-01 0.000e+00 2.016e-03 0.000e+00 3.441e-01 7.300e+01 9.000e+01 0.000e+00 1.000e+01 0.000e+00
7.630e+01 7.300e+01 5.551e+00 8.595e+01 1.816e-01 0.000e+00 1.855e-03 0.000e+00 2.993e-01 7.300e+01 9.000e+01 0.000e+00 1.000e+01 0.000e+00
7.630e+01 7.300e+01 5.551e+00 8.595e+01 1.816e-01 0.000e+00 1.876e-03 0.000e+00 2.991e-01 7.300e+01 9.000e+01 0.000e+00 1.000e+01 0.000e+00
7.800e+01 7.300e+01 6.753e+00 9.000e+01 2.418e-01 0.000e+00 2.221e-03 0.000e+00 3.168e-01 7.300e+01 9.000e+01 0.000e+00 1.000e+01 0.000e+00
7.630e+01 7.300e+01 5.551e+00 8.595e+01 2.117e-01 0.000e+00 1.876e-03 0.000e+00 3.239e-01 7.300e+01 9.000e+01 0.000e+00 1.000e+01 0.000e+00
7.630e+01 7.300e+01 5.551e+00 8.595e+01 1.518e-01 0.000e+00 2.056e-03 0.000e+00 2.803e-01 7.300e+01 9.000e+01 0.000e+00 1.000e+01 0.000e+00
7.630e+01 7.300e+01 5.551e+00 8.595e+01 1.517e-01 0.000e+00 2.008e-03 0.000e+00 2.804e-01 7.300e+01 9.000e+01 0.000e+00 1.000e+01 0.000e+00
7.720e+01 7.300e+01 6.823e+00 9.000e+01 1.418e-01 0.000e+00 1.835e-03 0.000e+00 2.581e-01 7.300e+01 9.000e+01 0.000e+00 1.000e+01 0.000e+00
7.630e+01 7.300e+01 5.551e+00 8.595e+01 9.140e-02 0.000e+00 1.434e-03 0.000e+00 2.073e-01 7.300e+01 9.000e+01 0.000e+00 1.000e+01 0.000e+00
7.800e+01 7.300e+01 6.753e+00 9.000e+01 1.115e-01 0.000e+00 1.930e-03 0.000e+00 2.073e-01 7.300e+01 9.000e+01 0.000e+00 1.000e+01 0.000e+00
7.720e+01 7.300e+01 6.823e+00 9.000e+01 1.015e-01 0.000e+00 1.530e-03 0.000e+00 2.100e-01 7.300e+01 9.000e+01 0.000e+00 1.000e+01 0.000e+00
7.800e+01 7.300e+01 6.753e+00 9.000e+01 1.115e-01 0.000e+00 1.968e-03 0.000e+00 2.073e-01 7.300e+01 9.000e+01 0.000e+00 1.000e+01 0.000e+00
7.710e+01 7.300e+01 5.594e+00 8.595e+01 1.316e-01 0.000e+00 1.968e-03 0.000e+00 2.652e-01 7.300e+01 9.000e+01 0.000e+00 1.000e+01 0.000e+00
7.630e+01 7.300e+01 5.551e+00 8.595e+01 1.218e-01 0.000e+00 1.968e-03 0.000e+00 2.679e-01 7.300e+01 9.000e+01 0.000e+00 1.000e+01 0.000e+00
7.540e+01 7.300e+01 3.666e+00 8.100e+01 1.317e-01 0.000e+00 1.968e-03 0.000e+00 2.725e-01 7.300e+01 8.100e+01 0.000e+00 1.000e+01 0.000e+00
7.710e+01 7.300e+01 5.594e+00 8.595e+01 1.518e-01 0.000e+00 2.563e-03 0.000e+00 2.696e-01 7.300e+01 9.000e+01 0.000e+00 1.000e+01 0.000e+00
7.800e+01 7.300e+01 6.753e+00 9.000e+01 2.320e-01 0.000e+00 2.371e-03 0.000e+00 3.500e-01 7.300e+01 9.000e+01 0.000e+00 1.000e+01 0.000e+00
7.870e+01 7.300e+01 7.363e+00 9.000e+01 1.518e-01 0.000e+00 2.371e-03 0.000e+00 2.697e-01 7.300e+01 9.000e+01 0.000e+00 1.000e+01 0.000e+00
8.040e+01 7.700e+01 7.800e+00 9.000e+01 2.018e-01 0.000e+00 5.159e-02 0.000e+00 2.834e-01 7.300e+01 9.000e+01 0.000e+00 1.000e+01 0.000e+00
7.960e+01 7.300e+01 8.102e+00 9.000e+01 1.718e-01 0.000e+00 1.821e-03 0.000e+00 2.871e-01 7.300e+01 9.000e+01 0.000e+00 1.000e+01 0.000e+00
7.960e+01 7.300e+01 8.102e+00 9.000e+01 1.684e-01 1.002e+00 1.790e-03 1.002e+00 3.025e-01 7.300e+01 9.000e+01 0.000e+00 9.000e+00 1.000e+00
7.960e+01 7.300e+01 8.102e+00 9.000e+01 1.350e-01 1.002e+00 1.657e-03 1.002e+00 2.263e-01 7.300e+01 9.000e+01 0.000e+00 9.000e+00 1.000e+00
7.960e+01 7.300e+01 8.102e+00 9.000e+01 1.351e-01 1.002e+00 1.852e-03 1.002e+00 2.263e-01 7.300e+01 9.000e+01 0.000e+00 9.000e+00 1.000e+00
7.960e+01 7.300e+01 8.102e+00 9.000e+01 1.241e-01 1.002e+00 1.862e-03 1.002e+00 2.099e-01 7.300e+01 9.000e+01 0.000e+00 9.000e+00 1.000e+00
8.130e+01 8.050e+01 8.319e+00 9.000e+01 1.907e-01 1.002e+00 2.171e-03 1.002e+00 2.516e-01 7.300e+01 9.000e+01 0.000e+00 9.000e+00 1.000e+00
7.960e+01 7.300e+01 8.102e+00 9.000e+01 1.718e-01 0.000e+00 2.023e-03 0.000e+00 2.453e-01 7.300e+01 9.000e+01 0.000e+00 1.000e+01 0.000e+00
7.870e+01 7.300e+01 7.363e+00 9.000e+01 1.317e-01 0.000e+00 2.023e-03 0.000e+00 2.003e-01 7.300e+01 9.000e+01 0.000e+00 1.000e+01 0.000e+00
7.890e+01 7.300e+01 7.635e+00 9.000e+01 1.717e-01 0.000e+00 2.023e-03 0.000e+00 2.283e-01 7.300e+01 9.000e+01 0.000e+00 1.000e+01 0.000e+00
7.870e+01 7.300e+01 7.363e+00 9.000e+01 1.416e-01 0.000e+00 1.830e-03 0.000e+00 2.154e-01 7.300e+01 9.000e+01 0.000e+00 1.000e+01 0.000e+00
7.870e+01 7.300e+01 7.363e+00 9.000e+01 1.716e-01 0.000e+00 1.830e-03 0.000e+00 2.867e-01 7.300e+01 9.000e+01 0.000e+00 1.000e+01 0.000e+00
8.040e+01 7.700e+01 7.800e+00 9.000e+01 1.916e-01 0.000e+00 5.161e-02 0.000e+00 2.811e-01 7.300e+01 9.000e+01 0.000e+00 1.000e+01 0.000e+00
8.130e+01 8.050e+01 8.319e+00 9.000e+01 2.016e-01 0.000e+00 5.160e-02 0.000e+00 2.830e-01 7.300e+01 9.000e+01 0.000e+00 1.000e+01 0.000e+00
8.130e+01 8.050e+01 8.319e+00 9.000e+01 2.316e-01 0.000e+00 5.158e-02 0.000e+00 3.259e-01 7.300e+01 9.000e+01 0.000e+00 1.000e+01 0.000e+00
8.060e+01 7.700e+01 8.015e+00 9.000e+01 3.116e-01 0.000e+00 1.017e-01 0.000e+00 3.782e-01 7.300e+01 9.000e+01 0.000e+00 1.000e+01 0.000e+00
7.890e+01 7.300e+01 7.635e+00 9.000e+01 2.215e-01 0.000e+00 1.646e-03 0.000e+00 3.312e-01 7.300e+01 9.000e+01 0.000e+00 1.000e+01 0.000e+00
7.890e+01 7.300e+01 7.635e+00 9.000e+01 2.215e-01 0.000e+00 1.720e-03 0.000e+00 3.312e-01 7.300e+01 9.000e+01 0.000e+00 1.000e+01 0.000e+00
7.900e+01 7.350e+01 7.563e+00 9.000e+01 2.119e-01 0.000e+00 2.744e-03 0.000e+00 3.300e-01 7.300e+01 9.000e+01 0.000e+00 1.000e+01 0.000e+00
7.730e+01 7.300e+01 6.768e+00 9.000e+01 1.318e-01 0.000e+00 1.729e-03 0.000e+00 2.685e-01 7.300e+01 9.000e+01 0.000e+00 1.000e+01 0.000e+00
7.820e+01 7.300e+01 7.730e+00 9.000e+01 4.641e-02 1.004e+00 1.746e-03 1.004e+00 8.316e-02 7.300e+01 9.000e+01 0.000e+00 9.000e+00 1.000e+00
7.820e+01 7.300e+01 7.730e+00 9.000e+01 4.641e-02 1.004e+00 1.746e-03 1.004e+00 8.315e-02 7.300e+01 9.000e+01 0.000e+00 9.000e+00 1.000e+00
7.820e+01 7.300e+01 7.730e+00 9.000e+01 4.673e-02 1.004e+00 2.269e-03 1.004e+00 8.337e-02 7.300e+01 9.000e+01 0.000e+00 9.000e+00 1.000e+00
7.810e+01 7.300e+01 7.790e+00 9.000e+01 7.976e-02 1.004e+00 1.712e-03 1.004e+00 1.620e-01 7.300e+01 9.000e+01 0.000e+00 9.000e+00 1.000e+00
7.980e+01 7.300e+01 8.328e+00 9.000e+01 1.799e-01 1.004e+00 2.269e-03 1.004e+00 3.013e-01 7.300e+01 9.000e+01 0.000e+00 9.000e+00 1.000e+00
7.980e+01 7.300e+01 8.328e+00 9.000e+01 2.520e-01 0.000e+00 2.437e-03 0.000e+00 3.588e-01 7.300e+01 9.000e+01 0.000e+00 1.000e+01 0.000e+00
7.980e+01 7.300e+01 8.328e+00 9.000e+01 2.521e-01 0.000e+00 2.461e-03 0.000e+00 3.587e-01 7.300e+01 9.000e+01 0.000e+00 1.000e+01 0.000e+00
7.890e+01 7.300e+01 7.635e+00 9.000e+01 3.219e-01 0.000e+00 2.121e-03 0.000e+00 4.072e-01 7.300e+01 9.000e+01 0.000e+00 1.000e+01 0.000e+00
7.730e+01 7.300e+01 6.768e+00 9.000e+01 2.719e-01 0.000e+00 2.022e-03 0.000e+00 4.127e-01 7.300e+01 9.000e+01 0.000e+00 1.000e+01 0.000e+00
7.730e+01 7.300e+01 6.768e+00 9.000e+01 2.319e-01 0.000e+00 2.022e-03 0.000e+00 3.664e-01 7.300e+01 9.000e+01 0.000e+00 1.000e+01 0.000e+00
7.560e+01 7.300e+01 5.352e+00 8.595e+01 1.419e-01 0.000e+00 2.006e-03 0.000e+00 2.941e-01 7.300e+01 9.000e+01 0.000e+00 1.000e+01 0.000e+00
7.640e+01 7.300e+01 5.499e+00 8.595e+01 1.719e-01 0.000e+00 2.239e-03 0.000e+00 2.935e-01 7.300e+01 9.000e+01 0.000e+00 1.000e+01 0.000e+00
7.560e+01 7.300e+01 5.352e+00 8.595e+01 8.182e-02 0.000e+00 1.915e-03 0.000e+00 1.664e-01 7.300e+01 9.000e+01 0.000e+00 1.000e+01 0.000e+00
7.630e+01 7.300e+01 5.551e+00 8.595e+01 1.217e-01 0.000e+00 1.915e-03 0.000e+00 1.889e-01 7.300e+01 9.000e+01 0.000e+00 1.000e+01 0.000e+00
7.460e+01 7.300e+01 3.200e+00 8.100e+01 7.172e-02 0.000e+00 1.915e-03 0.000e+00 1.417e-01 7.300e+01 8.100e+01 0.000e+00 1.000e+01 0.000e+00
7.470e+01 7.300e+01 3.164e+00 8.100e+01 7.166e-02 0.000e+00 1.617e-03 0.000e+00 1.417e-01 7.300e+01 8.100e+01 0.000e+00 1.000e+01 0.000e+00
7.470e+01 7.300e+01 3.164e+00 8.100e+01 8.175e-02 0.000e+00 1.942e-03 0.000e+00 1.599e-01 7.300e+01 8.100e+01 0.000e+00 1.000e+01 0.000e+00
7.470e+01 7.300e+01 3.164e+00 8.100e+01 8.165e-02 0.000e+00 1.612e-03 0.000e+00 1.599e-01 7.300e+01 8.100e+01 0.000e+00 1.000e+01 0.000e+00
7.470e+01 7.300e+01 3.164e+00 8.100e+01 1.024e-01 0.000e+00 1.942e-03 0.000e+00 2.054e-01 7.300e+01 8.100e+01 0.000e+00 1.000e+01 0.000e+00
7.490e+01 7.350e+01 3.081e+00 8.100e+01 1.038e-01 0.000e+00 2.172e-03 0.000e+00 2.048e-01 7.300e+01 8.100e+01 0.000e+00 1.000e+01 0.000e+00
7.500e+01 7.400e+01 3.033e+00 8.100e+01 1.048e-01 0.000e+00 5.880e-03 0.000e+00 2.043e-01 7.300e+01 8.100e+01 0.000e+00 1.000e+01 0.000e+00
7.420e+01 7.350e+01 2.315e+00 7.785e+01 6.535e-02 0.000e+00 5.699e-03 0.000e+00 1.798e-01 7.300e+01 8.100e+01 0.000e+00 1.000e+01 0.000e+00
7.500e+01 7.400e+01 3.033e+00 8.100e+01 1.364e-01 0.000e+00 6.053e-03 0.000e+00 2.618e-01 7.300e+01 8.100e+01 0.000e+00 1.000e+01 0.000e+00
7.590e+01 7.400e+01 5.224e+00 8.595e+01 1.259e-01 0.000e+00 5.699e-03 0.000e+00 2.453e-01 7.300e+01 9.000e+01 0.000e+00 1.000e+01 0.000e+00
7.570e+01 7.300e+01 5.311e+00 8.595e+01 1.249e-01 0.000e+00 5.699e-03 0.000e+00 2.457e-01 7.300e+01 9.000e+01 0.000e+00 1.000e+01 0.000e+00
7.550e+01 7.300e+01 5.390e+00 8.595e+01 1.240e-01 0.000e+00 2.696e-03 0.000e+00 2.462e-01 7.300e+01 9.000e+01 0.000e+00 1.000e+01 0.000e+00
7.630e+01 7.300e+01 5.551e+00 8.595e+01 1.370e-01 1.002e+00 2.202e-03 1.002e+00 2.562e-01 7.300e+01 9.000e+01 0.000e+00 9.000e+00 1.000e+00
7.720e+01 7.300e+01 6.823e+00 9.000e+01 1.582e-01 1.002e+00 1.981e-03 1.002e+00 3.061e-01 7.300e+01 9.000e+01 0.000e+00 9.000e+00 1.000e+00
7.720e+01 7.300e+01 6.823e+00 9.000e+01 2.024e-01 1.002e+00 1.981e-03 1.002e+00 3.741e-01 7.300e+01 9.000e+01 0.000e+00 9.000e+00 1.000e+00
7.720e+01 7.300e+01 6.823e+00 9.000e+01 2.018e-01 1.002e+00 1.723e-03 1.002e+00 3.744e-01 7.300e+01 9.000e+01 0.000e+00 9.000e+00 1.000e+00
7.890e+01 7.300e+01 7.635e+00 9.000e+01 3.017e-01 1.002e+00 1.723e-03 1.002e+00 4.245e-01 7.300e+01 9.000e+01 0.000e+00 9.000e+00 1.000e+00
7.980e+01 7.300e+01 8.328e+00 9.000e+01 3.317e-01 0.000e+00 1.970e-03 0.000e+00 4.126e-01 7.300e+01 9.000e+01 0.000e+00 1.000e+01 0.000e+00
7.810e+01 7.300e+01 7.790e+00 9.000e+01 2.417e-01 0.000e+00 1.776e-03 0.000e+00 3.748e-01 7.300e+01 9.000e+01 0.000e+00 1.000e+01 0.000e+00
7.720e+01 7.300e+01 6.823e+00 9.000e+01 2.318e-01 0.000e+00 1.893e-03 0.000e+00 3.580e-01 7.300e+01 9.000e+01 0.000e+00 1.000e+01 0.000e+00
7.890e+01 7.300e+01 7.635e+00 9.000e+01 2.573e-01 1.002e+00 1.955e-03 1.002e+00 3.686e-01 7.300e+01 9.000e+01 0.000e+00 9.000e+00 1.000e+00
7.720e+01 7.300e+01 6.823e+00 9.000e+01 1.574e-01 1.002e+00 1.955e-03 1.002e+00 2.950e-01 7.300e+01 9.000e+01 0.000e+00 9.000e+00 1.000e+00
7.720e+01 7.300e+01 6.823e+00 9.000e+01 1.129e-01 1.002e+00 1.538e-03 1.002e+00 2.517e-01 7.300e+01 9.000e+01 0.000e+00 9.000e+00 1.000e+00
7.720e+01 7.300e+01 6.823e+00 9.000e+01 1.130e-01 1.002e+00 1.955e-03 1.002e+00 2.516e-01 7.300e+01 9.000e+01 0.000e+00 9.000e+00 1.000e+00
7.810e+01 7.300e+01 7.790e+00 9.000e+01 9.069e-02 1.002e+00 1.671e-03 1.002e+00 1.912e-01 7.300e+01 9.000e+01 0.000e+00 9.000e+00 1.000e+00
7.720e+01 7.300e+01 6.823e+00 9.000e+01 9.174e-02 0.000e+00 2.061e-03 0.000e+00 1.814e-01 7.300e+01 9.000e+01 0.000e+00 1.000e+01 0.000e+00
7.890e+01 7.300e+01 7.635e+00 9.000e+01 1.619e-01 0.000e+00 2.376e-03 0.000e+00 2.541e-01 7.300e+01 9.000e+01 0.000e+00 1.000e+01 0.000e+00
7.720e+01 7.300e+01 6.823e+00 9.000e+01 1.420e-01 0.000e+00 2.376e-03 0.000e+00 2.579e-01 7.300e+01 9.000e+01 0.000e+00 1.000e+01 0.000e+00
7.800e+01 7.300e+01 6.753e+00 9.000e+01 1.519e-01 0.000e+00 2.730e-03 0.000e+00 2.543e-01 7.300e+01 9.000e+01 0.000e+00 1.000e+01 0.000e+00
7.630e+01 7.300e+01 5.551e+00 8.595e+01 9.184e-02 0.000e+00 2.029e-03 0.000e+00 2.075e-01 7.300e+01 9.000e+01 0.000e+00 1.000e+01 0.000e+00
7.720e+01 7.300e+01 6.823e+00 9.000e+01 9.117e-02 1.007e+00 2.036e-03 1.007e+00 2.185e-01 7.300e+01 9.000e+01 0.000e+00 9.000e+00 1.000e+00
7.550e+01 7.300e+01 5.390e+00 8.595e+01 1.316e-02 1.007e+00 1.707e-03 1.007e+00 3.120e-02 7.300e+01 9.000e+01 0.000e+00 9.000e+00 1.000e+00
7.640e+01 7.300e+01 5.499e+00 8.595e+01 2.619e-02 1.007e+00 2.036e-03 1.007e+00 4.104e-02 7.300e+01 9.000e+01 0.000e+00 9.000e+00 1.000e+00
7.560e+01 7.300e+01 5.352e+00 8.595e+01 1.531e-02 1.007e+00 2.036e-03 1.007e+00 3.155e-02 7.300e+01 9.000e+01 0.000e+00 9.000e+00 1.000e+00
7.590e+01 7.300e+01 5.281e+00 8.595e+01 1.707e-02 1.005e+00 2.512e-03 1.005e+00 3.305e-02 7.300e+01 9.000e+01 1.818e-03 8.000e+00 2.000e+00
7.500e+01 7.300e+01 3.130e+00 8.100e+01 1.492e-02 1.003e+00 1.740e-03 1.003e+00 3.170e-02 7.300e+01 8.100e+01 0.000e+00 9.000e+00 1.000e+00
7.500e+01 7.300e+01 3.130e+00 8.100e+01 1.495e-02 1.003e+00 1.773e-03 1.003e+00 3.169e-02 7.300e+01 8.100e+01 0.000e+00 9.000e+00 1.000e+00
7.420e+01 7.300e+01 2.441e+00 7.875e+01 1.762e-03 1.003e+00 1.740e-03 1.003e+00 5.545e-04 7.300e+01 8.100e+01 0.000e+00 9.000e+00 1.000e+00
7.500e+01 7.300e+01 3.130e+00 8.100e+01 4.616e-02 1.003e+00 1.773e-03 1.003e+00 1.258e-01 7.300e+01 8.100e+01 0.000e+00 9.000e+00 1.000e+00
7.480e+01 7.300e+01 3.124e+00 8.100e+01 4.160e-02 0.000e+00 1.705e-03 0.000e+00 1.201e-01 7.300e+01 8.100e+01 0.000e+00 1.000e+01 0.000e+00
7.480e+01 7.300e+01 3.124e+00 8.100e+01 1.320e-01 0.000e+00 1.794e-03 0.000e+00 2.834e-01 7.300e+01 8.100e+01 0.000e+00 1.000e+01 0.000e+00
7.650e+01 7.350e+01 5.445e+00 8.595e+01 2.021e-01 0.000e+00 1.992e-03 0.000e+00 3.260e-01 7.300e+01 9.000e+01 0.000e+00 1.000e+01 0.000e+00
7.640e+01 7.300e+01 5.499e+00 8.595e+01 2.020e-01 0.000e+00 1.864e-03 0.000e+00 3.260e-01 7.300e+01 9.000e+01 0.000e+00 1.000e+01 0.000e+00
7.730e+01 7.300e+01 6.768e+00 9.000e+01 2.420e-01 0.000e+00 1.468e-03 0.000e+00 3.698e-01 7.300e+01 9.000e+01 0.000e+00 1.000e+01 0.000e+00
7.830e+01 7.450e+01 6.589e+00 9.000e+01 2.720e-01 0.000e+00 2.462e-03 0.000e+00 3.612e-01 7.300e+01 9.000e+01 0.000e+00 1.000e+01 0.000e+00
7.750e+01 7.300e+01 6.697e+00 9.000e+01 1.816e-01 0.000e+00 1.468e-03 0.000e+00 2.998e-01 7.300e+01 9.000e+01 0.000e+00 1.000e+01 0.000e+00
7.750e+01 7.300e+01 6.697e+00 9.000e+01 1.239e-01 1.003e+00 1.559e-03 1.003e+00 2.576e-01 7.300e+01 9.000e+01 0.000e+00 9.000e+00 1.000e+00
7.750e+01 7.300e+01 6.697e+00 9.000e+01 1.239e-01 1.003e+00 1.378e-03 1.003e+00 2.576e-01 7.300e+01 9.000e+01 0.000e+00 9.000e+00 1.000e+00
7.750e+01 7.300e+01 6.697e+00 9.000e+01 1.354e-01 1.003e+00 1.690e-03 1.003e+00 2.872e-01 7.300e+01 9.000e+01 0.000e+00 9.000e+00 1.000e+00
7.640e+01 7.300e+01 6.800e+00 9.000e+01 1.020e-01 1.003e+00 1.441e-03 1.003e+00 2.833e-01 7.300e+01 9.000e+01 0.000e+00 9.000e+00 1.000e+00
7.810e+01 7.300e+01 7.790e+00 9.000e+01 1.468e-01 1.003e+00 2.646e-03 1.003e+00 2.952e-01 7.300e+01 9.000e+01 0.000e+00 9.000e+00 1.000e+00
7.640e+01 7.300e+01 6.800e+00 9.000e+01 1.322e-01 0.000e+00 1.802e-03 0.000e+00 2.834e-01 7.300e+01 9.000e+01 0.000e+00 1.000e+01 0.000e+00
7.650e+01 7.300e+01 6.756e+00 9.000e+01 1.324e-01 0.000e+00 2.177e-03 0.000e+00 2.834e-01 7.300e+01 9.000e+01 0.000e+00 1.000e+01 0.000e+00
7.560e+01 7.300e+01 5.352e+00 8.595e+01 4.653e-02 1.002e+00 1.825e-03 1.002e+00 1.259e-01 7.300e+01 9.000e+01 0.000e+00 9.000e+00 1.000e+00
7.570e+01 7.300e+01 5.311e+00 8.595e+01 4.655e-02 1.002e+00 1.825e-03 1.002e+00 1.259e-01 7.300e+01 9.000e+01 0.000e+00 9.000e+00 1.000e+00
7.480e+01 7.300e+01 3.124e+00 8.100e+01 3.518e-02 1.002e+00 1.825e-03 1.002e+00 9.425e-02 7.300e+01 8.100e+01 0.000e+00 9.000e+00 1.000e+00
7.650e+01 7.350e+01 5.445e+00 8.595e+01 1.351e-01 1.002e+00 2.072e-03 1.002e+00 2.868e-01 7.300e+01 9.000e+01 0.000e+00 9.000e+00 1.000e+00
7.640e+01 7.300e+01 5.499e+00 8.595e+01 1.350e-01 1.002e+00 1.837e-03 1.002e+00 2.869e-01 7.300e+01 9.000e+01 0.000e+00 9.000e+00 1.000e+00
7.730e+01 7.300e+01 6.768e+00 9.000e+01 1.717e-01 0.000e+00 1.793e-03 0.000e+00 2.936e-01 7.300e+01 9.000e+01 0.000e+00 1.000e+01 0.000e+00
7.800e+01 7.300e+01 6.753e+00 9.000e+01 2.216e-01 0.000e+00 1.987e-03 0.000e+00 3.027e-01 7.300e+01 9.000e+01 0.000e+00 1.000e+01 0.000e+00
7.890e+01 7.300e+01 7.635e+00 9.000e+01 2.816e-01 0.000e+00 1.788e-03 0.000e+00 3.657e-01 7.300e+01 9.000e+01 0.000e+00 1.000e+01 0.000e+00
7.720e+01 7.300e+01 6.823e+00 9.000e+01 1.915e-01 0.000e+00 1.717e-03 0.000e+00 3.082e-01 7.300e+01 9.000e+01 0.000e+00 1.000e+01 0.000e+00
7.870e+01 7.300e+01 7.363e+00 9.000e+01 2.017e-01 0.000e+00 1.717e-03 0.000e+00 3.034e-01 7.300e+01 9.000e+01 0.000e+00 1.000e+01 0.000e+00
7.870e+01 7.300e+01 7.363e+00 9.000e+01 1.820e-01 0.000e+00 1.684e-03 0.000e+00 2.894e-01 7.300e+01 9.000e+01 0.000e+00 1.000e+01 0.000e+00
7.790e+01 7.300e+01 7.503e+00 9.000e+01 1.321e-01 0.000e+00 1.684e-03 0.000e+00 2.726e-01 7.300e+01 9.000e+01 0.000e+00 1.000e+01 0.000e+00
7.700e+01 7.300e+01 6.465e+00 8.910e+01 5.204e-02 0.000e+00 1.855e-03 0.000e+00 9.307e-02 7.300e+01 9.000e+01 0.000e+00 1.000e+01 0.000e+00
7.700e+01 7.300e+01 6.465e+00 8.910e+01 5.205e-02 0.000e+00 1.855e-03 0.000e+00 9.306e-02 7.300e+01 9.000e+01 0.000e+00 1.000e+01 0.000e+00
7.630e+01 7.300e+01 5.551e+00 8.595e+01 8.188e-02 0.000e+00 1.897e-03 0.000e+00 1.404e-01 7.300e+01 9.000e+01 0.000e+00 1.000e+01 0.000e+00
7.630e+01 7.300e+01 5.551e+00 8.595e+01 1.217e-01 0.000e+00 1.929e-03 0.000e+00 2.272e-01 7.300e+01 9.000e+01 0.000e+00 1.000e+01 0.000e+00
7.630e+01 7.300e+01 5.551e+00 8.595e+01 1.217e-01 0.000e+00 1.789e-03 0.000e+00 2.272e-01 7.300e+01 9.000e+01 0.000e+00 1.000e+01 0.000e+00
7.640e+01 7.300e+01 5.499e+00 8.595e+01 1.521e-01 0.000e+00 1.789e-03 0.000e+00 2.420e-01 7.300e+01 9.000e+01 0.000e+00 1.000e+01 0.000e+00
7.650e+01 7.350e+01 5.445e+00 8.595e+01 1.523e-01 0.000e+00 2.534e-03 0.000e+00 2.419e-01 7.300e+01 9.000e+01 0.000e+00 1.000e+01 0.000e+00
7.580e+01 7.350e+01 5.269e+00 8.595e+01 1.125e-01 0.000e+00 2.534e-03 0.000e+00 2.301e-01 7.300e+01 9.000e+01 0.000e+00 1.000e+01 0.000e+00
7.580e+01 7.350e+01 5.269e+00 8.595e+01 1.024e-01 0.000e+00 2.534e-03 0.000e+00 2.051e-01 7.300e+01 9.000e+01 0.000e+00 1.000e+01 0.000e+00
7.750e+01 7.400e+01 6.652e+00 9.000e+01 1.424e-01 0.000e+00 2.994e-03 0.000e+00 2.200e-01 7.300e+01 9.000e+01 0.000e+00 1.000e+01 0.000e+00
7.830e+01 7.350e+01 7.669e+00 9.000e+01 1.220e-01 0.000e+00 2.534e-03 0.000e+00 2.039e-01 7.300e+01 9.000e+01 0.000e+00 1.000e+01 0.000e+00
7.990e+01 7.350e+01 8.252e+00 9.000e+01 2.019e-01 0.000e+00 2.428e-03 0.000e+00 2.830e-01 7.300e+01 9.000e+01 0.000e+00 1.000e+01 0.000e+00
7.980e+01 7.300e+01 8.328e+00 9.000e+01 2.018e-01 0.000e+00 1.899e-03 0.000e+00 2.831e-01 7.300e+01 9.000e+01 0.000e+00 1.000e+01 0.000e+00
7.890e+01 7.300e+01 7.635e+00 9.000e+01 1.821e-01 0.000e+00 2.635e-03 0.000e+00 2.602e-01 7.300e+01 9.000e+01 0.000e+00 1.000e+01 0.000e+00
7.890e+01 7.300e+01 7.635e+00 9.000e+01 2.221e-01 0.000e+00 2.635e-03 0.000e+00 3.158e-01 7.300e+01 9.000e+01 0.000e+00 1.000e+01 0.000e+00
7.720e+01 7.300e+01 6.823e+00 9.000e+01 2.020e-01 0.000e+00 1.882e-03 0.000e+00 3.227e-01 7.300e+01 9.000e+01 0.000e+00 1.000e+01 0.000e+00
7.630e+01 7.300e+01 5.551e+00 8.595e+01 1.318e-01 0.000e+00 1.831e-03 0.000e+00 2.534e-01 7.300e+01 9.000e+01 0.000e+00 1.000e+01 0.000e+00
7.710e+01 7.300e+01 5.594e+00 8.595e+01 1.717e-01 0.000e+00 2.447e-03 0.000e+00 2.611e-01 7.300e+01 9.000e+01 0.000e+00 1.000e+01 0.000e+00
7.630e+01 7.300e+01 5.551e+00 8.595e+01 1.314e-01 0.000e+00 1.553e-03 0.000e+00 2.533e-01 7.300e+01 9.000e+01 0.000e+00 1.000e+01 0.000e+00
7.630e+01 7.300e+01 5.551e+00 8.595e+01 1.417e-01 0.000e+00 1.746e-03 0.000e+00 2.805e-01 7.300e+01 9.000e+01 0.000e+00 1.000e+01 0.000e+00
7.630e+01 7.300e+01 5.551e+00 8.595e+01 1.417e-01 0.000e+00 1.746e-03 0.000e+00 2.805e-01 7.300e+01 9.000e+01 0.000e+00 1.000e+01 0.000e+00
7.630e+01 7.300e+01 5.551e+00 8.595e+01 1.423e-01 0.000e+00 2.213e-03 0.000e+00 2.803e-01 7.300e+01 9.000e+01 0.000e+00 1.000e+01 0.000e+00
7.550e+01 7.300e+01 5.390e+00 8.595e+01 1.024e-01 0.000e+00 1.672e-03 0.000e+00 2.688e-01 7.300e+01 9.000e+01 0.000e+00 1.000e+01 0.000e+00
7.700e+01 7.300e+01 6.465e+00 8.910e+01 1.124e-01 0.000e+00 2.142e-03 0.000e+00 2.667e-01 7.300e+01 9.000e+01 0.000e+00 1.000e+01 0.000e+00
7.610e+01 7.300e+01 5.069e+00 8.485e+01 6.203e-02 0.000e+00 1.601e-03 0.000e+00 1.199e-01 7.300e+01 8.800e+01 0.000e+00 1.000e+01 0.000e+00
7.610e+01 7.300e+01 5.069e+00 8.485e+01 6.212e-02 0.000e+00 1.910e-03 0.000e+00 1.198e-01 7.300e+01 8.800e+01 0.000e+00 1.000e+01 0.000e+00
7.540e+01 7.300e+01 4.821e+00 8.485e+01 5.155e-02 0.000e+00 1.614e-03 0.000e+00 1.203e-01 7.300e+01 8.800e+01 0.000e+00 1.000e+01 0.000e+00
7.620e+01 7.300e+01 5.016e+00 8.485e+01 1.319e-01 0.000e+00 2.076e-03 0.000e+00 2.535e-01 7.300e+01 8.800e+01 0.000e+00 1.000e+01 0.000e+00
7.470e+01 7.300e+01 3.164e+00 8.100e+01 1.218e-01 0.000e+00 1.780e-03 0.000e+00 2.565e-01 7.300e+01 8.100e+01 0.000e+00 1.000e+01 0.000e+00
7.470e+01 7.300e+01 3.164e+00 8.100e+01 1.720e-01 0.000e+00 1.954e-03 0.000e+00 3.411e-01 7.300e+01 8.100e+01 0.000e+00 1.000e+01 0.000e+00
7.640e+01 7.300e+01 5.499e+00 8.595e+01 2.120e-01 0.000e+00 1.954e-03 0.000e+00 3.423e-01 7.300e+01 9.000e+01 0.000e+00 1.000e+01 0.000e+00
7.800e+01 7.300e+01 6.753e+00 9.000e+01 2.620e-01 0.000e+00 2.390e-03 0.000e+00 3.445e-01 7.300e+01 9.000e+01 0.000e+00 1.000e+01 0.000e+00
7.720e+01 7.300e+01 6.823e+00 9.000e+01 1.816e-01 0.000e+00 1.596e-03 0.000e+00 2.996e-01 7.300e+01 9.000e+01 0.000e+00 1.000e+01 0.000e+00
7.800e+01 7.300e+01 6.753e+00 9.000e+01 2.617e-01 0.000e+00 1.819e-03 0.000e+00 3.443e-01 7.300e+01 9.000e+01 0.000e+00 1.000e+01 0.000e+00
7.870e+01 7.300e+01 7.363e+00 9.000e+01 1.815e-01 0.000e+00 1.769e-03 0.000e+00 2.714e-01 7.300e+01 9.000e+01 0.000e+00 1.000e+01 0.000e+00
7.870e+01 7.300e+01 7.363e+00 9.000e+01 1.915e-01 0.000e+00 1.790e-03 0.000e+00 2.809e-01 7.300e+01 9.000e+01 0.000e+00 1.000e+01 0.000e+00
7.700e+01 7.300e+01 6.465e+00 8.910e+01 1.415e-01 0.000e+00 1.694e-03 0.000e+00 2.654e-01 7.300e+01 9.000e+01 0.000e+00 1.000e+01 0.000e+00
7.780e+01 7.300e+01 6.416e+00 8.910e+01 2.015e-01 0.000e+00 1.790e-03 0.000e+00 2.932e-01 7.300e+01 9.000e+01 0.000e+00 1.000e+01 0.000e+00
7.780e+01 7.300e+01 6.416e+00 8.910e+01 1.916e-01 0.000e+00 1.777e-03 0.000e+00 2.738e-01 7.300e+01 9.000e+01 0.000e+00 1.000e+01 0.000e+00
7.630e+01 7.300e+01 5.551e+00 8.595e+01 1.818e-01 0.000e+00 1.777e-03 0.000e+00 2.785e-01 7.300e+01 9.000e+01 0.000e+00 1.000e+01 0.000e+00
7.540e+01 7.300e+01 3.666e+00 8.100e+01 2.119e-01 0.000e+00 1.681e-03 0.000e+00 3.241e-01 7.300e+01 8.100e+01 0.000e+00 1.000e+01 0.000e+00
7.540e+01 7.300e+01 3.666e+00 8.100e+01 2.121e-01 0.000e+00 2.362e-03 0.000e+00 3.240e-01 7.300e+01 8.100e+01 0.000e+00 1.000e+01 0.000e+00
7.540e+01 7.300e+01 3.666e+00 8.100e+01 1.620e-01 0.000e+00 2.275e-03 0.000e+00 2.977e-01 7.300e+01 8.100e+01 0.000e+00 1.000e+01 0.000e+00
7.460e+01 7.300e+01 3.200e+00 8.100e+01 9.205e-02 0.000e+00 2.181e-03 0.000e+00 2.389e-01 7.300e+01 8.100e+01 0.000e+00 1.000e+01 0.000e+00
7.460e+01 7.300e+01 3.200e+00 8.100e+01 9.189e-02 0.000e+00 2.011e-03 0.000e+00 2.389e-01 7.300e+01 8.100e+01 0.000e+00 1.000e+01 0.000e+00
7.390e+01 7.300e+01 2.385e+00 7.785e+01 1.186e-02 0.000e+00 2.011e-03 0.000e+00 2.964e-02 7.300e+01 8.100e+01 0.000e+00 1.000e+01 0.000e+00
7.470e+01 7.300e+01 3.164e+00 8.100e+01 3.167e-02 0.000e+00 2.011e-03 0.000e+00 6.360e-02 7.300e+01 8.100e+01 0.000e+00 1.000e+01 0.000e+00
7.560e+01 7.300e+01 5.352e+00 8.595e+01 2.400e-02 1.002e+00 1.952e-03 1.002e+00 6.249e-02 7.300e+01 9.000e+01 0.000e+00 9.000e+00 1.000e+00
7.560e+01 7.300e+01 5.352e+00 8.595e+01 2.383e-02 1.002e+00 1.680e-03 1.002e+00 6.255e-02 7.300e+01 9.000e+01 0.000e+00 9.000e+00 1.000e+00
7.730e+01 7.300e+01 6.768e+00 9.000e+01 4.592e-02 1.002e+00 1.657e-03 1.002e+00 8.285e-02 7.300e+01 9.000e+01 0.000e+00 9.000e+00 1.000e+00
7.890e+01 7.300e+01 7.635e+00 9.000e+01 1.014e-01 1.002e+00 1.680e-03 1.002e+00 1.633e-01 7.300e+01 9.000e+01 0.000e+00 9.000e+00 1.000e+00
7.980e+01 7.300e+01 8.328e+00 9.000e+01 1.460e-01 1.002e+00 1.689e-03 1.002e+00 2.268e-01 7.300e+01 9.000e+01 0.000e+00 9.000e+00 1.000e+00
7.980e+01 7.300e+01 8.328e+00 9.000e+01 1.917e-01 0.000e+00 1.967e-03 0.000e+00 2.549e-01 7.300e+01 9.000e+01 0.000e+00 1.000e+01 0.000e+00
8.150e+01 8.150e+01 8.500e+00 9.000e+01 2.818e-01 0.000e+00 1.016e-01 0.000e+00 3.221e-01 7.300e+01 9.000e+01 0.000e+00 1.000e+01 0.000e+00
